M2	e1	P2	omega1	s1pc	s2pc	s3pc	ph1pc	ph2pc	ph3pc	s1sc	s2sc	s3sc	ph1sc	ph2sc	ph3sc
0.1	0.0	300	1.570793185202243	0.043615527836275626	0.021459680892155417	0.0007702534003320304	-0.7843443401069474	1.5940351341358139	0.8722373662460353	0.041867484437833453	0.020926505335641693	0.001255590405966987	2.321533786569144	1.5289579719355486	4.216543628592559
0.1	0.049999999999999996	300	1.570793185202243	0.04717961119137605	0.0521016627049692	0.000606433756914417	1.853014173364331	0.591427497528963	4.053298796081954	0.039754684076268476	0.010339557800398342	0.001387745721912197	-1.2645110186098019	3.693296183527295	-0.7063165433102211
0.1	0.09999999999999999	300	1.570793185202243	0.05203758904115273	0.08339106783203602	0.0035428219069684377	0.8055215745860589	-1.5137293709915265	2.1669795507995047	0.03565266721487916	0.04199595721235599	0.0007095502008251258	3.9984029594470973	1.6220348084231373	2.6829261845409755
0.1	0.15	300	1.570793185202243	0.05667289700268546	0.11383275037349823	0.005014204143419282	4.408518626316576	-0.6022401388272617	0.8287196179176866	0.0344384814089512	0.07302650231345997	0.0006637828738736747	1.2313042800194967	2.5386469984896	-1.395209357490359
0.1	0.19999999999999998	300	1.570793185202243	0.06405303448722383	0.14541226112793865	0.011650341728145436	0.10240054228288993	3.393732629581819	0.2748517898274783	0.03086255289227539	0.10568560095883475	0.004168993218722152	3.277863242452674	0.2500255432859482	3.3108139978827174
0.1	0.24999999999999997	300	1.570793185202243	0.06889664915785447	0.17547796529615142	0.01595921052537641	0.46351491602206984	4.151776980034987	1.3615080391542245	0.02903561029818264	0.13755286780265685	0.007483557044691149	3.670173974010889	1.007115118915631	4.437345120880642
0.1	0.3	300	1.570793185202243	0.07174557260563419	0.20568081734698215	0.017682095607612604	3.4951716466017255	3.843501684900291	4.177809138900357	0.028500655976270113	0.16925067782577022	0.008334250276808708	0.37288317173350216	0.6949364075440831	1.0501239983906634
0.1	0.35	300	1.570793185202243	0.08221775407921568	0.23471612396885747	0.028456465599937347	-0.592700128400069	1.9901015707026912	4.507102751975044	0.026945846731092717	0.20167816265952546	0.017660394455436948	2.567159496998408	-1.15298913263023	1.3360202829841226
0.1	0.39999999999999997	300	1.570793185202243	0.08926325116816128	0.26238942512992897	0.034049982455880035	4.451339020945099	-0.4434905888116923	0.9217008517356494	0.028207417552492474	0.23325134654578572	0.02241193662402422	1.2811626245540029	2.6980112690424396	4.047942352988469
0.1	0.44999999999999996	300	1.570793185202243	0.09108145068074434	0.29393188740860277	0.036391204026281335	3.1272888648324435	3.1875758752045162	3.093422920310411	0.026747103442905863	0.26750876388258293	0.024413735221135224	0.014438800720172966	0.0379486117459407	-0.11006825993703546
0.1	0.49999999999999994	300	1.570793185202243	0.10453835887004942	0.3179218698409207	0.051298624600456776	-1.5291242530837927	0.20243973709998833	1.8532407606133205	0.02702191744935177	0.2979234714159972	0.040136474511025186	1.5748955328012533	3.3483776746874887	-1.3130516982254057
0.1	0.5499999999999999	300	1.570793185202243	0.11438947065792689	0.3476516573801628	0.060600602862767784	2.2496776966618937	1.524292392398571	0.5298517403025401	0.028316791430934025	0.33224636839577404	0.04982226711504541	-0.9089580209482132	4.6624064807357	3.6328588097061942
0.1	0.6	300	1.570793185202243	0.12418484055810255	0.370872810817777	0.07099764028845021	4.145431677439197	-1.0002983714539226	0.02068644599354206	0.03096399787482329	0.36315242078059834	0.060738414166400086	0.9561467804376531	2.144710439934211	3.1458673432076316
0.1	0.6499999999999999	300	1.570793185202243	0.12989436057014211	0.4004254308898167	0.0781564475527844	2.233683237986793	1.5375237080102477	0.559303853423247	0.034488613805111076	0.40093984648678394	0.06895292843107288	-0.8627314158240489	4.682889849607965	3.6780089281272312
0.1	0.7	300	1.570793185202243	0.14205739596136757	0.4254151168819221	0.09463649895475934	-0.9682853443691466	1.2951627147352491	3.462635349071572	0.03438104883486	0.4371829521297039	0.08777878419529406	2.206202642924058	4.427942129634465	0.30248546199802845
0.1	0.7499999999999999	300	1.570793185202243	0.14872078193189178	0.4396729514362433	0.10001375054124924	-1.5411974785306919	0.28569677070787214	1.865634682048198	0.03863104216258616	0.4629402180566062	0.09758933264081161	1.4341662815726834	3.41724112604901	-1.2929983115999157
0.1	0.7999999999999999	300	1.570793185202243	0.16202125678736773	0.46276197502658917	0.11173352253329255	1.2443710938351824	-0.535033631779342	3.7422672508598716	0.03940441998640908	0.5077405059136137	0.11850115529336522	4.367956615782649	2.60867116390994	0.6068260450140741
0.1	0.85	300	1.570793185202243	0.176245168502227	0.4897372355821159	0.13020034753069276	0.6646137260361125	4.690013848410945	2.1466366660703513	0.04582399360796351	0.5610648145943882	0.14487048710394643	3.662755865834093	1.5512986319994118	-1.017865739724197
0.1	0.8999999999999999	300	1.570793185202243	0	0	0	0	0	0	0	0	0	0	0	0
0.1	0.95	300	1.570793185202243	0	0	0	0	0	0	0	0	0	0	0	0
0.15000000000000002	0.0	300	1.570793185202243	0.03786372393293103	0.020798730425713684	0.0008668558515720438	0.21141275827547099	3.5688655105762717	3.7526494125770573	0.03560609075515695	0.01985691179890499	0.0012864679119055679	3.378167628998449	3.5866903259856167	0.3126337691143177
0.15000000000000002	0.049999999999999996	300	1.570793185202243	0.041198468236940115	0.049943832016417236	0.0010180345009806854	-1.4459812946932948	0.22328553433722026	2.86565196935726	0.03407224972740305	0.00976654182709469	0.001342914236029992	1.6403370023425816	3.3758099354172115	1.87122303368552
0.15000000000000002	0.09999999999999999	300	1.570793185202243	0.04513411711462448	0.0793535369370043	0.003247619308628091	0.8683204559487134	-1.3876258898365341	2.2690514461897084	0.03061587704591391	0.03990827186827319	0.0005390978020012772	4.067118275626251	1.7460302692968328	3.122977574087821
0.15000000000000002	0.15	300	1.570793185202243	0.04834550552738448	0.108969962899622	0.004433203423087444	2.2471464412446602	1.4461843656409634	0.23397134129163977	0.02949188300086445	0.06997800536983019	0.0010757951724236737	-0.8315098756538015	4.577652404344677	2.3233646462482134
0.15000000000000002	0.19999999999999998	300	1.570793185202243	0.05208837400002455	0.13803283592380883	0.007168393314607004	3.8516669830636276	4.558753010169222	-1.037170497192388	0.028702232908596574	0.10031345699380072	0.0015669763921578536	0.6957502731663501	1.409771237167547	2.008293336144119
0.15000000000000002	0.24999999999999997	300	1.570793185202243	0.055040665548280215	0.16712097192994144	0.009574144026938836	3.326653339398282	3.538785783821128	3.6513267482632354	0.02610495389012947	0.13061697237863312	0.002949783431034216	0.2182465703124634	0.38801799411508187	0.3771279240616079
0.15000000000000002	0.3	300	1.570793185202243	0.066751647338903	0.19662536889169782	0.02116982836720599	0.30242392903611853	3.8779910559333377	0.9131158798864425	0.02359788197041698	0.16257188916980744	0.011986898168280951	3.51225331636987	0.7350511791004178	3.987044881400402
0.15000000000000002	0.35	300	1.570793185202243	0.07017130238455177	0.22227223107597563	0.023448988458226693	1.3779830264844053	-0.29377989684575506	3.9909199587051436	0.023927418723969775	0.191480661178632	0.015165810446979533	4.656435189148324	2.844841572130794	0.7835019991628482
0.15000000000000002	0.39999999999999997	300	1.570793185202243	0.07024870229684373	0.2520999015636405	0.023409188330617135	3.285109244454395	3.426840532238292	3.565467611058657	0.02499771552182548	0.22526818776748966	0.015038286191881769	0.17221348101058143	0.28979409164624026	0.41940674112859433
0.15000000000000002	0.44999999999999996	300	1.570793185202243	0.08531177793458555	0.2814443571841298	0.043788031018660654	0.4317846170403303	4.171723905057854	1.353229797819606	0.02217277438113266	0.2568964208940704	0.03217490945920325	3.584295141212763	1.0322819433958377	4.445566863154444
0.15000000000000002	0.49999999999999994	300	1.570793185202243	0.09071499941874268	0.3024313988696398	0.04516292253947272	1.6016050016968257	0.1734420738937202	-1.537205879494422	0.024670694365502878	0.2840100559699009	0.03473340800866504	-1.4554378214186208	3.3191136888985757	1.5814199141020853
0.15000000000000002	0.5499999999999999	300	1.570793185202243	0.09620638095841125	0.32689819213122034	0.05108475199152128	1.2059997200707078	-0.623322866491991	3.5514689212243047	0.02430746644702794	0.3145281254918965	0.042552074033066115	4.4340574226165685	2.517388532045844	0.39774059694074637
0.15000000000000002	0.6	300	1.570793185202243	0.11072350224724406	0.3607850680617537	0.07126726498443062	0.009831313421094593	3.393321147605379	0.1850117684918057	0.02471012919619897	0.3536405920423089	0.06157284072938748	3.0853733399304915	0.25058134705691454	3.295199898803096
0.15000000000000002	0.6499999999999999	300	1.570793185202243	0.10865271097060265	0.3858037031287823	0.06009435877982291	3.2553650000724215	3.48657303021998	3.511257735749905	0.027947595760351253	0.38755556500639365	0.05191135284745004	0.11503703969931407	0.3347231755636585	0.33419391044792324
0.15000000000000002	0.7	300	1.570793185202243	0.12397983965580879	0.4053075519102937	0.08754834182114041	0.6516249419423249	4.694798006072247	2.0941827676390385	0.028503602626746512	0.41905484172123386	0.08237763584505745	3.6809853048814083	1.5569682463493144	-1.063571165249719
0.15000000000000002	0.7499999999999999	300	1.570793185202243	0.14041438698863604	0.43530855339652513	0.10724161176031766	-0.265843436347333	2.825508272376591	-0.6250272536431543	0.030610444336621846	0.4604110274038054	0.10783663360208251	2.7354730219222687	-0.31612039251452945	2.4891322842950125
0.15000000000000002	0.7999999999999999	300	1.570793185202243	0.1397402160244612	0.4353449556298098	0.09554975911912687	1.8088195260799511	0.6113208777350372	-0.7866195613495395	0.03468073430313777	0.4752967529235363	0.10199888248127771	-1.2392577352801197	3.7445054234453536	2.3114510474087187
0.15000000000000002	0.85	300	1.570793185202243	0.14852076574954318	0.4620242194212623	0.1087055018030064	3.868844356211241	4.684008353565582	-0.9053990651371382	0.039336260530492495	0.5295327125199253	0.12223471998357062	0.6000747815606746	1.531122236799341	2.2162040373345215
0.15000000000000002	0.8999999999999999	300	1.570793185202243	0	0	0	0	0	0	0	0	0	0	0	0
0.15000000000000002	0.95	300	1.570793185202243	0	0	0	0	0	0	0	0	0	0	0	0
0.2	0.0	300	1.570793185202243	0.0322332997001181	0.01928460096183262	0.0009790103615330166	4.460726231465369	-0.561669875549383	3.408539002850431	0.03232194412528956	0.01926588363357656	0.0008199134927319461	1.2530876600193732	-0.5963452430143962	1.2562321265704202
0.2	0.049999999999999996	300	1.570793185202243	0.035465094391649035	0.047865559921945876	0.00104902224160675	1.6336400291101802	0.22048447869181426	3.5274966722625916	0.029682234321931716	0.009355183232544178	0.001056793954792037	-1.4161079606268836	3.3116821111893273	-1.2618621646238037
0.2	0.09999999999999999	300	1.570793185202243	0.038997374867605274	0.07585911999093081	0.0028761306279828664	1.3149031113152727	-0.4592454028051711	3.453618995334791	0.02693746397728918	0.03803303518073005	0.0008537314197132407	4.544325150574702	2.68210543055412	4.7109118971176684
0.2	0.15	300	1.570793185202243	0.043524577945470364	0.1045110322243491	0.00554910527549034	0.13241758563015568	3.4538393944324906	0.3347023395572883	0.02436973274651606	0.06718232336928805	0.0011090135014668243	3.3118789706686833	0.3068698085831114	3.283187609499477
0.2	0.19999999999999998	300	1.570793185202243	0.0424203755224842	0.13084353969310414	0.005076187043634315	3.06857117902549	3.0751394515981523	2.7963937299995725	0.0232290055685547	0.09523276696545806	0.001355129858533069	-0.017709207335666475	-0.07361873205485277	-1.1559141435288236
0.2	0.24999999999999997	300	1.570793185202243	0.04916144022502751	0.15995939729339556	0.009611671889403178	2.0673918713423864	1.1724980841266994	-0.19609563607930872	0.02418763571257728	0.125465163144755	0.003962588979274669	-0.9326377459286821	4.314560471290108	2.657722262896349
0.2	0.3	300	1.570793185202243	0.05087256853033376	0.1870959973042846	0.01164433792137015	2.7264282929412262	2.503630537666541	1.7957711853284632	0.021672383390559644	0.15465450557696092	0.005319971363027826	-0.30431128656837675	-0.6384249693423237	-1.5628995250144622
0.2	0.35	300	1.570793185202243	0.06279947177322717	0.21619551284474373	0.02598895618113246	0.37473258752655514	4.051574451084503	1.1582054097583863	0.019067046339079158	0.18589534309979439	0.01678223000967775	3.5749697705415797	0.910254004765067	4.228479263285633
0.2	0.39999999999999997	300	1.570793185202243	0.06530688360741842	0.2387970750666801	0.026838242580097166	1.9211593469534374	0.9011304097600749	-0.45466472404717195	0.02063365102998555	0.21235087903941646	0.01786161948440346	-1.0816501423823222	4.0431627788165	2.6246390716606207
0.2	0.44999999999999996	300	1.570793185202243	0.06995477555948337	0.26900208930471947	0.025781959927607206	3.595520762084665	4.040102975530629	4.533053707812416	0.022743501067997718	0.24665898128499045	0.017840931452911633	0.46738424847561905	0.8981125348955593	1.402837374186971
0.2	0.49999999999999994	300	1.570793185202243	0.0749399136039397	0.29512505868623995	0.029853652297625825	3.616277417873308	4.137353094126995	4.579639629557765	0.023409172138233035	0.27751271678511397	0.021872518190043128	0.509817236172465	0.9938000522665654	1.427168597609733
0.2	0.5499999999999999	300	1.570793185202243	0.08727944685785945	0.3203408761845717	0.05303664204878342	-0.6927428469439804	1.7985642490583698	4.223034638911554	0.021182693959193463	0.30647414911832715	0.04436111558987293	2.4712973094321136	-1.3544043785381517	1.0581775489758605
0.2	0.6	300	1.570793185202243	0.09001044700163235	0.3349254394119413	0.051366471411495744	1.87722977339487	0.7678158544085852	-0.5943644095911549	0.023094222169249747	0.3284800318362679	0.04397065460649926	-1.1281112666590074	3.902615666814453	2.4903331928318586
0.2	0.6499999999999999	300	1.570793185202243	0.10306042170140219	0.3684676758427697	0.07375486756085585	0.3220980555895348	4.134728470548388	1.1775751837273778	0.02197144613525197	0.37188695134433253	0.06781690004577746	3.34397346825907	0.9998023813195601	4.299462849072962
0.2	0.7	300	1.570793185202243	0.10230768980059365	0.376801939079719	0.06925810227979343	1.3836434129141593	-0.2350723021840456	4.147833088929346	0.025598232927601113	0.38987727199058664	0.06424362083991593	4.621237935198211	2.904454557861241	0.9683595993427276
0.2	0.7499999999999999	300	1.570793185202243	0.11039889696209197	0.3964105826997646	0.07202596939932722	1.5470366118746899	0.11541347357629035	4.654918681557376	0.02694624583818422	0.42227985225431036	0.07384638382523166	-1.5164430380331309	3.2514957366927706	1.4886044894593375
0.2	0.7999999999999999	300	1.570793185202243	0.12489045148915415	0.429619374564977	0.09417122164257158	-0.6038126190534309	2.0504945104911863	4.5615983040954395	0.029654381257819117	0.47420836945661626	0.09962799991103648	2.5583813539949896	-1.1014403313812775	1.4069184672962154
0.2	0.85	300	1.570793185202243	0.12657038564649303	0.4377437430585131	0.09511985101685744	0.7823243241521404	-1.2292793656485055	2.576051693279836	0.03342449632755999	0.5052511954310994	0.107521706818699	3.905638289352003	1.9065812945218563	-0.6209469408502948
0.2	0.8999999999999999	300	1.570793185202243	0	0	0	0	0	0	0	0	0	0	0	0
0.2	0.95	300	1.570793185202243	0	0	0	0	0	0	0	0	0	0	0	0
0.25	0.0	300	1.570793185202243	0.02810851741660138	0.018569838634064584	0.0008426630101250988	1.1484854176311647	-0.763136053723009	1.0917388728533841	0.027836863309689427	0.018694076904342743	0.0008566316641315146	4.403948481857601	-0.7257430039856753	3.103557911827799
0.25	0.049999999999999996	300	1.570793185202243	0.031235842152655725	0.04595374144000831	0.001074024287866339	-1.3093338803808265	0.4648584289636474	3.250394295883922	0.024904831141776124	0.008871878357967954	0.0009193618137290624	1.7311208909219955	3.618761637901037	2.2170393848458403
0.25	0.09999999999999999	300	1.570793185202243	0.03416576664231608	0.07324811908504243	0.0029457237167241686	0.5074606554083526	4.208109258280086	1.300306610671338	0.022210338912860356	0.036753602019476875	0.0003526571285923644	3.727701248446375	1.0628764403063702	2.2437351674616846
0.25	0.15	300	1.570793185202243	0.03868891630120525	0.10100789630436698	0.005789680401839135	-0.5295712427466658	2.0685455706992117	4.705997439299713	0.02028187957413962	0.06477312577148862	0.0014180442441058	2.5995598501174912	-1.0790444660659664	1.5898748954575403
0.25	0.19999999999999998	300	1.570793185202243	0.04017466889760212	0.12662105954443936	0.007027507810437973	4.644245674369399	-0.1629576727057923	1.6168174859493005	0.020591376308810617	0.09216689261965748	0.0023287714228998314	1.4140763494083253	2.9752771616028344	-1.2476022085163458
0.25	0.24999999999999997	300	1.570793185202243	0.04476486777300131	0.15335033674849047	0.012707892527554651	0.8585842839379874	-1.291484610067584	2.4577953963456913	0.017775567688098348	0.12079327972299296	0.006331317701869344	4.129444814585512	1.8539569495875339	-0.7763719216116418
0.25	0.3	300	1.570793185202243	0.04914120024990399	0.18003921521883196	0.01739521411392683	0.6603608062648113	4.6563975320165465	1.9214005407417818	0.016900089519190878	0.14947478064327396	0.010144391126032657	3.9468837813336863	1.5198665118934045	-1.3004330570149136
0.25	0.35	300	1.570793185202243	0.048444972178932615	0.20720461724269032	0.010871508740284946	3.266900053324757	3.4313315763084087	3.447993150686369	0.020187252101491724	0.17840978815277816	0.005130910970397446	0.16652239421746212	0.28249349441633415	0.2494376809705962
0.25	0.39999999999999997	300	1.570793185202243	0.05719473816299019	0.2285359275077872	0.023035838333813115	4.353543062318597	-0.6196677865798924	0.6719348463101816	0.01776210517909187	0.20408472952786597	0.015255403347744577	1.1547013830364816	2.5206778593231056	3.80383971291787
0.25	0.44999999999999996	300	1.570793185202243	0.06567789423588223	0.2580820305784777	0.03530192186800093	0.15972384117381289	3.7821383214062148	0.6547137898933888	0.015557964352284327	0.23640652561093295	0.026760736336670546	3.3565783493826764	0.6400325632962471	3.7452335679633286
0.25	0.49999999999999994	300	1.570793185202243	0.06129682879984095	0.2805334208929589	0.026366611872835555	3.1924111779407283	3.31723871294222	3.290290428493995	0.019871813291907188	0.265026612896216	0.019549194699787456	0.07973526548905256	0.17680805160277901	0.09713277079684121
0.25	0.5499999999999999	300	1.570793185202243	0.06819325044654251	0.30646213951676915	0.030135067740321243	3.36008619261354	3.698962917161384	3.797590748355645	0.01995970704220434	0.29523281184619315	0.023071189334519144	0.25781357607666805	0.5501976593068674	0.6183852784889028
0.25	0.6	300	1.570793185202243	0.08174581369374431	0.32819419497230845	0.05266075485204024	-0.5332810016559523	2.1275142199841213	-1.5661034374284546	0.019118696815969966	0.3236417585960246	0.04544973091474525	2.656689516906866	-1.0229283419830724	1.5724186787701055
0.25	0.6499999999999999	300	1.570793185202243	0.07958239119575453	0.3503611236356889	0.04765921048712388	2.4933056722808615	2.3482759193434735	1.455025475844458	0.021759228119329288	0.35542487968393516	0.043353342268071055	-0.7184416687515882	-0.7929608173108502	4.520266492157605
0.25	0.7	300	1.570793185202243	0.08458447740924015	0.38369430260117504	0.03357795479683819	3.1249092986070792	3.285241953866286	3.084897667001907	0.03171156213306428	0.4009591921808153	0.028910345374269206	-0.0014312279615235994	0.14314826102009395	-0.11526361317797534
0.25	0.7499999999999999	300	1.570793185202243	0.09880020024000244	0.3847734354886392	0.06937331457123899	1.9186746480039572	1.1250977783939762	-0.25608892426806085	0.02415390843564826	0.41145393073888586	0.07053292307859994	-1.375153035393778	4.265095927878796	2.8484121288268502
0.25	0.7999999999999999	300	1.570793185202243	0.10308709412063256	0.40104028297353184	0.07045972258025116	4.034057231008883	-1.117915329123012	-0.24323977907722683	0.027798501000750996	0.44330131090362135	0.07507158624952019	0.663682652097009	2.0109012748053345	2.8653543783025284
0.25	0.85	300	1.570793185202243	0.10903003897094327	0.4373971220392874	0.06211757522669613	2.425882794993957	2.289919289115187	1.2624361182336918	0.041284133327654696	0.5129026712359477	0.06984395877934921	-0.7586668003636997	-0.8481965181938144	4.336383344830976
0.25	0.8999999999999999	300	1.570793185202243	0	0	0	0	0	0	0	0	0	0	0	0
0.25	0.95	300	1.570793185202243	0	0	0	0	0	0	0	0	0	0	0	0
0.30000000000000004	0.0	300	1.570793185202243	0.02536081707046422	0.018195440217704275	0.00027204440448238594	0.6374422675989696	4.461075604469242	-0.0596377955363087	0.02232400800515097	0.017727379308172902	0.0010566384802657368	3.868816983889687	4.4899936825735765	1.5720653973236345
0.30000000000000004	0.049999999999999996	300	1.570793185202243	0.02365288791210723	0.04390468242025122	0.001001192226084109	3.293200701014318	3.4170380479691276	0.1528840480671046	0.023667052337445784	0.007922328296049387	0.0009879162151054633	0.12097965734610273	0.2501850700215024	3.41913923878655
0.30000000000000004	0.09999999999999999	300	1.570793185202243	0.027318212237805627	0.07037779694537381	0.0008201095918221902	3.9364136043516407	4.633792092084453	0.5935726738411291	0.021845646645985456	0.03491426829482598	0.001011734084144983	0.719513603261225	1.4951752857861327	-1.295895380403893
0.30000000000000004	0.15	300	1.570793185202243	0.030523731547195208	0.09600827931095743	0.00199417136804546	3.810029810672635	4.425067186759256	-0.806337827797976	0.019865778029791052	0.06170925555245123	0.000555511795422319	0.6299850318199373	1.2872441967131154	4.017098820564729
0.30000000000000004	0.19999999999999998	300	1.570793185202243	0.03432185139615146	0.1216243669048234	0.005057236503941773	4.2874836177552975	-0.9132718221318185	0.41027859450820003	0.018179947338442005	0.08826974967677399	0.001489345070896622	1.0489776805487672	2.2210872176138063	3.900940523545316
0.30000000000000004	0.24999999999999997	300	1.570793185202243	0.03726656115256084	0.14729119903251273	0.0069763309792252055	4.163511446121015	-1.1591330370564974	0.16980909290105123	0.017939677432465207	0.11600470290454849	0.002894065385748942	0.9503632726112254	1.986361213392696	3.5086889705104394
0.30000000000000004	0.3	300	1.570793185202243	0.03880832269062234	0.17077303046117304	0.010678899021474574	2.2606704820679377	1.6044896502187735	0.4695554881565648	0.016498991850792264	0.14205465716420698	0.005670027882216578	-0.7516464302771306	-1.5318325612813395	3.5153222994713103
0.30000000000000004	0.35	300	1.570793185202243	0.043503724445847936	0.19633652072152874	0.012080978484079715	3.925322279389535	-1.5237690509761506	-0.7740470382239126	0.017274815534720232	0.16919229899044308	0.0065731343803377305	0.7194937914614383	1.6094479447975831	2.360544501639868
0.30000000000000004	0.39999999999999997	300	1.570793185202243	0.05387959446100281	0.22442219046654743	0.027574286170819324	-0.2970230924942773	2.6242150913610764	-0.8560038700853964	0.013365666767355112	0.1995582969127003	0.01981377049613887	2.848911572575621	-0.5217491426653895	2.2479087206905586
0.30000000000000004	0.44999999999999996	300	1.570793185202243	0.05189241510320629	0.24078564308298425	0.022522072488131373	1.2531042739992504	-0.4881185215689558	3.6168512666517834	0.015274370753848293	0.22166108035583085	0.01718092282980097	4.567147834604009	2.6502203614781434	0.4274835292477699
0.30000000000000004	0.49999999999999994	300	1.570793185202243	0.054764736390853955	0.26721619568881916	0.025866068096261356	2.10519428538546	1.4140301636242354	0.1745556498733716	0.017346036156230326	0.25222893848697053	0.01943618272899734	-0.9213157480032675	4.559501703520008	3.2521139359140085
0.30000000000000004	0.5499999999999999	300	1.570793185202243	0.061621446605466354	0.28297124243936717	0.03507794503570101	4.4430031634812766	-0.18128605092181183	1.1052241588359597	0.016395624343350918	0.2734142457404743	0.028143298728735396	1.1599911207837397	2.9559996232929153	4.202831349589122
0.30000000000000004	0.6	300	1.570793185202243	0.06630297931832817	0.3086905497379439	0.03971639700284022	3.9559987647962065	-1.3571652426695548	-0.6006377300824346	0.017344024620244224	0.30440859053548375	0.03371256935447963	0.6574624996749818	1.7742031727420342	2.510276985373033
0.30000000000000004	0.6499999999999999	300	1.570793185202243	0.07264986414921314	0.33157819753984846	0.04853095244165242	0.6604956803146559	-1.4078177958375098	2.1500333512468623	0.017315662326226926	0.33739166949667493	0.04489169930537258	3.7732375726296388	1.7380847301728195	-1.0129936896232266
0.30000000000000004	0.7	300	1.570793185202243	0.07259057497911159	0.36430773641113756	0.03117301265352405	3.3346129518362604	3.67864856161758	3.73959066839095	0.025861768344667878	0.3809437937573848	0.027206276244284948	0.21064853899602423	0.5378290970170324	0.5648257173846071
0.30000000000000004	0.7499999999999999	300	1.570793185202243	0.08020610199845354	0.36295552614303545	0.05361841044818792	1.243414654765008	-0.39301949006163484	3.77283469860626	0.019737875855790624	0.3903667400809282	0.05512258677385132	4.408005838196207	2.7469227472874564	0.6241938739893709
0.30000000000000004	0.7999999999999999	300	1.570793185202243	0.10082037683774298	0.4043439096231452	0.0939604490122979	-0.3276073597621736	2.8952927727983577	-0.6121192518960372	0.019080673054449684	0.4474966270897397	0.1019407151278461	2.5054757589055634	-0.2456700820804249	2.4845237703844036
0.30000000000000004	0.85	300	1.570793185202243	0.10860450426216005	0.41808866547481377	0.09958020925725102	-0.17759968953185537	3.2897580517361735	-0.09625305791856334	0.023623139989518396	0.487451959075155	0.11472702767622804	2.6252063683319546	0.1416848353399897	3.008633498737429
0.30000000000000004	0.8999999999999999	300	1.570793185202243	0	0	0	0	0	0	0	0	0	0	0	0
0.30000000000000004	0.95	300	1.570793185202243	0	0	0	0	0	0	0	0	0	0	0	0
0.35	0.0	300	1.570793185202243	0.021394534117638433	0.01736080929432013	0.00027404632225541887	-0.7789880049374548	1.531444368438737	-0.06811918481595777	0.019378168913771858	0.01702899695675255	0.0008662524167664619	2.255548378748167	1.4805499667949489	4.310553548870394
0.35	0.049999999999999996	300	1.570793185202243	0.019997862353815062	0.04200984385290293	0.0009987941293616005	2.8845529947630033	2.6456754835714964	-0.7601849381493868	0.02027338020865443	0.007666022620500387	0.0008717543120295307	-0.25125048876365336	-0.5331959613470045	2.3904416261417722
0.35	0.09999999999999999	300	1.570793185202243	0.026140377141939022	0.06761390882157949	0.0023002280269853303	0.008468168232764632	3.203515523829406	-0.06628542718132192	0.016221445597332858	0.03385714536883769	0.00019280184588737757	3.1897900315109773	0.058153674576368435	0.6973845765901066
0.35	0.15	300	1.570793185202243	0.027279208988245332	0.09208541764820355	0.003379816266857185	1.5653796877717554	0.1636233094382253	4.1215371001253684	0.016692239910591194	0.059234348211068294	0.0012531407908202151	-1.3873603205763672	3.296056139686493	0.25135138958426584
0.35	0.19999999999999998	300	1.570793185202243	0.026100203651316267	0.11645783922025021	0.0021597802687031613	3.2328510007030578	3.263977584611073	3.6360487136341253	0.016227395351642224	0.08505588286759708	0.00048364459555875805	0.07669784027433679	0.12823488716801223	1.795832974962598
0.35	0.24999999999999997	300	1.570793185202243	0.0346063099608744	0.14192339822638564	0.01013715326711743	0.1531065191916175	3.6911806970718297	0.46150408335575543	0.012939702215593124	0.11166270938873876	0.00530516429104012	3.4615479219528202	0.5488453991882837	3.4931045847558733
0.35	0.3	300	1.570793185202243	0.034516320278794976	0.16601156020171806	0.009086921713345474	1.8528576014464084	0.9159125827395023	-0.8627374297650424	0.014547483425733873	0.13756784423481724	0.0055575063423926735	-1.1109035655194868	4.051427497050653	1.9971958099937748
0.35	0.35	300	1.570793185202243	0.04233410318595801	0.19099166516989793	0.01851104509072568	-0.41868357157217184	2.3177915597536707	-1.2472596888301224	0.012133390431460772	0.1646011788906116	0.012289465251362626	2.742502266566799	-0.8322209486144697	1.904224101904676
0.35	0.39999999999999997	300	1.570793185202243	0.03739922166343748	0.214607941302707	0.01136995795228193	2.6623692237348626	2.5551923343065073	1.5450321310181194	0.014886828747621369	0.1916527176576565	0.007613549945077795	-0.32794142133225734	-0.591202151721818	4.396004579633294
0.35	0.44999999999999996	300	1.570793185202243	0.045391096994110175	0.2334468722110933	0.022976138427174976	-1.4416913137103038	0.39691850401366463	2.122179412399416	0.01218379611792809	0.21413367857714735	0.01674038078125	1.5475670890461866	3.5299205350144356	-1.0136255220346975
0.35	0.49999999999999994	300	1.570793185202243	0.05133329603478353	0.2573495491251173	0.02814531817728813	-0.692370923550877	1.8199172054550583	4.231248215075475	0.012204629719137876	0.24314941019142677	0.022000918389118333	2.4950692035602797	-1.321554587914716	1.0660659347899835
0.35	0.5499999999999999	300	1.570793185202243	0.05289357360198588	0.27361235396895167	0.031509865613368056	1.4126979683251744	-0.14600961027756704	4.176578394972879	0.013654724559659024	0.26493254432206154	0.0254948210424332	-1.5631447259146116	2.99758973003822	0.9890853790907668
0.35	0.6	300	1.570793185202243	0.06404985337975329	0.3068655074726988	0.04891231887343202	-0.2712162289447912	2.9490952224673093	-0.5296926052545218	0.011288751131742263	0.3030526299095076	0.04400288150559713	2.713435850244709	-0.1903662177160568	2.576605934880702
0.35	0.6499999999999999	300	1.570793185202243	0.05757665889233762	0.3317100687978639	0.023211171657865102	2.721331568431129	2.8185021554058567	1.815686939825346	0.023675260106283676	0.33832227208604376	0.020706559903970655	-0.3561742298274382	-0.32409366695220315	-1.504866504477397
0.35	0.7	300	1.570793185202243	0.07406561988223333	0.3483164778066344	0.06417051563583798	-0.12363917480444254	3.2978053772758327	-0.034355917574895686	0.013381408284793514	0.36271480904576664	0.06204177296216468	2.78074101149434	0.1450357505592385	3.0887986930789415
0.35	0.7499999999999999	300	1.570793185202243	0.07106493685491419	0.36718909537308475	0.04256312010328105	2.3470699557693497	2.3446836182626534	1.0950760046599912	0.026209754396142558	0.39711064129814394	0.04385653383134681	-0.8193832236925934	-0.7982977431657097	4.146843336588341
0.35	0.7999999999999999	300	1.570793185202243	0.0862121682609781	0.38192910786003736	0.07432584094389566	0.2281666793229123	4.26694126839031	1.2321850432214334	0.020106793891631572	0.4256685381218167	0.08207776098906726	3.035435257514491	1.1316957520847324	4.347635127956385
0.35	0.85	300	1.570793185202243	0.0762544327086571	0.38049742785444357	0.05340182045261702	-1.174942699360146	1.0786512403591395	2.957060541021562	0.020925263925837042	0.44338493242173077	0.061719792986921526	1.76717451700358	4.217475054943002	-0.19736468925242223
0.35	0.8999999999999999	300	1.570793185202243	0	0	0	0	0	0	0	0	0	0	0	0
0.35	0.95	300	1.570793185202243	0	0	0	0	0	0	0	0	0	0	0	0
0.4	0.0	300	1.570793185202243	0.018686627348500642	0.016781506055332837	0.0001500777254422208	-0.6964753158126507	1.7052073802525272	0.01682006983734087	0.016223249478694295	0.016386882360070812	0.0008371437494949236	2.3481005192328226	1.6568309454122585	4.481234007074442
0.4	0.049999999999999996	300	1.570793185202243	0.020922348606611452	0.041323226593329716	0.0009597520829488186	-0.6173322962625261	1.8522449534852807	4.612180350865853	0.014574060025184151	0.008074898039722401	0.0006742592760409716	2.444660243486783	-1.29307429017133	4.444137571937038
0.4	0.09999999999999999	300	1.570793185202243	0.021294442772793434	0.06464156217404776	0.0014082822180406965	4.670908160529006	-0.13191385820898607	2.128712178480261	0.01489494036899017	0.032250693670054814	0.00046119741166696603	1.4277869749858705	3.012099609566915	0.5373267923224453
0.4	0.15	300	1.570793185202243	0.02191931224201368	0.08923464582637361	0.0012276667399562543	3.7252971042757923	4.189433297807718	-0.6365946078867396	0.015203901927379524	0.05721248183738955	0.000829101516063117	0.5007758298613711	1.0495831399304365	3.870693495401141
0.4	0.19999999999999998	300	1.570793185202243	0.025927479137189728	0.11271389674345506	0.005810214019416128	1.1022941739301277	-0.6662579369754439	2.936611601644155	0.012976117681961429	0.08213494207222145	0.002876490027247872	4.541182739679054	2.4734951505303675	-0.45490019894605405
0.4	0.24999999999999997	300	1.570793185202243	0.02678659650057092	0.1363867971231047	0.0057331919669739995	2.180863180866965	1.5668912845802907	0.03250592720179109	0.012754461745913387	0.10701968230344117	0.0032389519322890106	-0.7610375037121252	4.700870467945187	2.761630146612487
0.4	0.3	300	1.570793185202243	0.02730511043617777	0.16100438676903978	0.0030514531442731893	3.315511482976029	3.467991340836762	3.66484027606254	0.014153389965057212	0.1333401382612637	0.00045637466511298515	0.18654071473445483	0.3220068527673663	1.0240426834596912
0.4	0.35	300	1.570793185202243	0.031155303419135683	0.18133785785267145	0.011778840314870326	2.0399479785001238	1.4054086257236647	-0.08420778150393478	0.011621483384971706	0.15738581437479607	0.007765419257770208	-0.8919058281124969	4.554301219921315	2.943270743088643
0.4	0.39999999999999997	300	1.570793185202243	0.03535186734028555	0.20061415471935848	0.012846359053540913	4.650421327385093	0.12403867660601661	1.6732136117131295	0.011133654118479617	0.179851680171717	0.009149732825337249	1.4400297605442975	3.2692886022835372	-1.5056320487010602
0.4	0.44999999999999996	300	1.570793185202243	0.03660326793624955	0.2245537427984214	0.01796565426972957	2.196417686627219	1.7200064239606336	0.5068181862305933	0.011111845887552263	0.20747440566951272	0.013512735087608554	-0.8297966725017107	-1.415144326764096	3.593492989130599
0.4	0.49999999999999994	300	1.570793185202243	0.04853437955090897	0.2545333433707266	0.03518064462729391	-0.05805455396604865	3.433617096676006	0.14346345725373966	0.0077894922148094	0.23939312397366894	0.029203019883928562	3.009002423468746	0.2879652824295296	3.247812661635822
0.4	0.5499999999999999	300	1.570793185202243	0.044686257769852085	0.2612748816036986	0.02483275081210715	1.619849996882084	0.16557972192019263	-1.542803259787723	0.011678941156000329	0.2527264590189308	0.02047098654885249	-1.29972044663137	3.2939577026844984	1.5274812359385468
0.4	0.6	300	1.570793185202243	0.04828428169991178	0.2866677587850062	0.027254196755367784	1.8663083813383317	1.0260468164459313	-0.47374232826920876	0.014131686294412348	0.28410176049280866	0.023298142999673397	-1.1313902990545395	4.165531715762538	2.5865965839646776
0.4	0.6499999999999999	300	1.570793185202243	0.05684572481395324	0.31064080276502454	0.04390201956688052	0.486722850218826	4.665951442315352	1.8227534088422992	0.011828766870402217	0.3164220285912986	0.04131173345060852	3.447497550202845	1.5315432722026943	-1.3444713096630487
0.4	0.7	300	1.570793185202243	0.05510235667190752	0.31746644443281646	0.034140858317544126	1.5179808747542631	0.10273149917800041	4.521474756768492	0.013859434011265133	0.3315197426718838	0.03390482092123871	-1.4634628154737435	3.2390134529301906	1.3445168548926458
0.4	0.7499999999999999	300	1.570793185202243	0.055087465630186225	0.3307997523497761	0.03818912627590309	1.4262982220508367	-0.19870630806322498	4.289218580218874	0.01380070053250267	0.3546687109402024	0.03835191161246072	-1.5225020750715768	2.9410337585779294	1.0906029908783679
0.4	0.7999999999999999	300	1.570793185202243	0.07477137028031515	0.3674384009511671	0.066756847353458	0.01998779549990987	3.9459205346712056	0.699847317539292	0.017777617140480435	0.41096423981504904	0.072415906024031	2.83566864451601	0.7996651278642884	3.80831439571544
0.4	0.85	300	1.570793185202243	0.06250586430528247	0.36217149717172975	0.042047695973310574	0.983454366947195	-0.800944476369593	3.1908864973474382	0.017520481868593826	0.4224386100492131	0.049079859416284684	4.175404691585215	2.3369591893313375	-0.0048600868114478165
0.4	0.8999999999999999	300	1.570793185202243	0	0	0	0	0	0	0	0	0	0	0	0
0.4	0.95	300	1.570793185202243	0	0	0	0	0	0	0	0	0	0	0	0
0.45000000000000007	0.0	300	1.570793185202243	0.016020789815347006	0.0161561833536185	0.00020256388586923108	-0.7886476881450455	1.4865080171391738	-0.6793592930293246	0.013886464451047948	0.015891650421299967	0.0007311980378734167	2.2194507425838768	1.4445645813946861	4.253957278659836
0.45000000000000007	0.049999999999999996	300	1.570793185202243	0.014893704145394641	0.03932568402878893	0.0011604541603217155	2.2548710974053203	1.6321905166419424	-1.275686448076109	0.01503647634906235	0.007371668231276914	0.0005164293689936167	-0.6745673389572726	-1.547086103323311	1.0157113437189238
0.45000000000000007	0.09999999999999999	300	1.570793185202243	0.019389093003042653	0.06308176134716396	0.0022953086262333736	0.3265654228841836	3.9123798155676663	0.797920748168303	0.011387475432521513	0.031496630020848924	0.0002586181308215941	3.604651328598386	0.7697260608793393	2.877640976833844
0.45000000000000007	0.15	300	1.570793185202243	0.019958515163515725	0.08578679013096802	0.0027938880882095733	1.7385506000117998	0.6075252061784162	4.628692864448201	0.012277751887511942	0.05523603729502117	0.0011848950093102729	-1.162601252723522	3.748598519548696	0.9321891208853
0.45000000000000007	0.19999999999999998	300	1.570793185202243	0.024646723797327144	0.10953777829978398	0.006542415173426138	-0.2220917416325256	2.712373709686654	-0.6670220689372884	0.009573312963717774	0.07959274875637412	0.002984619038895088	2.9297632279838233	-0.4314843590323206	2.4219820029289068
0.45000000000000007	0.24999999999999997	300	1.570793185202243	0.023493106704183125	0.13052520091592018	0.005577176763801208	1.317103156022759	-0.26523602723118883	3.54377717679274	0.011132956392694394	0.10267239703196561	0.0032992188412999655	-1.5384083826656867	2.8716074035728796	0.15254991730835646
0.45000000000000007	0.3	300	1.570793185202243	0.025562887559165474	0.15400965109962514	0.00636669779919796	4.068400836767646	-1.4208856724535737	-0.07547591694731623	0.011159225342315563	0.12813802767430849	0.0034088371868112527	0.8041175601923917	1.7253165829377302	3.2543825457951603
0.45000000000000007	0.35	300	1.570793185202243	0.030222007820346314	0.17612301928113758	0.013161585093417822	0.17099852928145562	3.8086600533510904	0.6428438312333998	0.008182738375690717	0.152404208962834	0.008856117974707247	3.478209163812722	0.6649278460981016	3.727896640156022
0.45000000000000007	0.39999999999999997	300	1.570793185202243	0.034149143903393325	0.2001571169938117	0.020329967889813356	0.34884246735418173	4.232145056371512	1.2428939277588071	0.006915949722058746	0.17895345357278516	0.015137091675309822	3.5901971918327016	1.0955281657689535	4.3402180208445085
0.45000000000000007	0.44999999999999996	300	1.570793185202243	0.03160808749190419	0.218908843662167	0.010054970208746955	3.8484092817425273	4.5835518321373545	-0.9552736587769565	0.011997690721721887	0.2016909628440732	0.006329793291097861	0.6461906724255733	1.4408908360914225	2.1891929823148617
0.45000000000000007	0.49999999999999994	300	1.570793185202243	0.041545772633936766	0.24356603974619	0.029042178229675652	-0.4342518767315367	2.48569836629571	-1.1456320677893441	0.007101388184938208	0.229693048883115	0.02397550891239389	2.6287109396811634	-0.6548884754066603	1.973165709184622
0.45000000000000007	0.5499999999999999	300	1.570793185202243	0.04123951363742222	0.25986659852859717	0.02828486263880239	0.6600861543565715	-1.2855818554249527	2.237197096269284	0.008752760097915084	0.25239517741657663	0.024415713167213846	3.8274609548714946	1.861578278117375	-0.9412593738528734
0.45000000000000007	0.6	300	1.570793185202243	0.03936161603979409	0.27032144097739924	0.02295188490242342	4.670381436410804	0.37128438981265394	1.8046013030144787	0.011670037232335517	0.26788426014495403	0.01919767121142581	1.2934162552456034	3.508530340369169	-1.3481059439694238
0.45000000000000007	0.6499999999999999	300	1.570793185202243	0.043508385607070564	0.3038963622163456	0.02147090501668491	3.9218060165224387	4.421720462359115	-0.8252011951192931	0.014395701919962556	0.3100365965059675	0.018794207548577555	0.7534413435612022	1.279839877074434	2.3888533613978153
0.45000000000000007	0.7	300	1.570793185202243	0.04608629352921097	0.31213938832689203	0.030593350489989832	-0.989688481933869	1.2139605724567752	3.398273417892584	0.011878720418829952	0.32739561181166715	0.028416157904032516	2.2366283964692175	4.35273595468673	0.2470985534302998
0.45000000000000007	0.7499999999999999	300	1.570793185202243	0.050481959661829175	0.317298775713205	0.029295207964997266	4.589794594143917	0.363049002268683	1.7080167610567403	0.015897831394295084	0.34206142587791366	0.030509540912862815	1.166987644107624	3.5087442335846655	-1.451288737618412
0.45000000000000007	0.7999999999999999	300	1.570793185202243	0.05514797921301553	0.3401383176621753	0.043613830688582364	1.9397001088462098	1.4035873057624675	0.07254188118823232	0.014954901986787544	0.38047334004995215	0.04660142400892077	-1.2900775448372277	4.549983297314271	3.1888546130851836
0.45000000000000007	0.85	300	1.570793185202243	0.058432357421211084	0.356429864905134	0.04179400534418471	3.879331156654185	-1.4800942087462563	-0.7354654377338975	0.016385647853044565	0.417261089918725	0.0482886906805303	0.46553000587716054	1.6510885910089292	2.3847090281962413
0.45000000000000007	0.8999999999999999	300	1.570793185202243	0	0	0	0	0	0	0	0	0	0	0	0
0.45000000000000007	0.95	300	1.570793185202243	0	0	0	0	0	0	0	0	0	0	0	0
0.5	0.0	300	1.570793185202243	0.011766446501814774	0.015433692864828763	0.0006455157457951246	3.8220990748922823	4.315664783271476	1.2214535974031286	0.013770128839522435	0.015581229918284187	0.0002529966463064968	0.5235012754837394	4.293506692857384	0.19359072078000752
0.5	0.049999999999999996	300	1.570793185202243	0.015285987256501505	0.03836062834436871	0.0008008106901481834	-0.7165389242457825	1.6245551103270748	4.373532493648791	0.01047851239193567	0.007376829692573904	0.0004305409343718511	2.308145994982389	-1.5242362926992254	4.073211120282165
0.5	0.09999999999999999	300	1.570793185202243	0.016008557192281447	0.060896420814212614	0.002068585986447456	0.7888524598435377	-1.284072503304148	1.9663619754283577	0.010366236278788276	0.030225758011526056	0.0005696417132094031	4.242648770565099	1.8486012444657944	4.257417143584032
0.5	0.15	300	1.570793185202243	0.01689056070246934	0.0829967357297416	0.0019390418222750658	4.338907967265562	-0.9393350345486438	0.9768230740456032	0.010536023435360344	0.053151480561956774	0.0008255090729272339	0.9757630961742465	2.1976819088563975	-1.353512684024985
0.5	0.19999999999999998	300	1.570793185202243	0.01806771666711583	0.10442406018861487	0.0034636873286615064	4.651673092397342	-0.1506650879553547	1.686784090746552	0.009412632507205665	0.0759703530648174	0.0013252248853674652	1.3587445616644531	2.9853492134813524	-1.073764091598977
0.5	0.24999999999999997	300	1.570793185202243	0.02227575363589832	0.12711447808602538	0.00711492581342722	0.08046467458345427	3.4550883542667203	0.268837701083447	0.00818935318964584	0.09974203278148748	0.003991534702952667	3.309812215165965	0.30632298223017906	3.3693685522601418
0.5	0.3	300	1.570793185202243	0.01859839830572766	0.14791217571852736	0.003034274194452674	3.212736802794801	3.295634085162754	3.316124562384569	0.009556199813329466	0.12329467882875476	0.0011568064865403944	0.11747901040913625	0.158514751426218	0.039114125437227414
0.5	0.35	300	1.570793185202243	0.021663417938310326	0.16932970569151376	0.008379630877987735	2.1005636612795175	1.693888197409378	0.07355618575214713	0.008647027245219312	0.14706671996296536	0.0059726195435103316	-0.7727586201770656	-1.4416561333420663	3.0492598518849787
0.5	0.39999999999999997	300	1.570793185202243	0.024830211325778968	0.18780732396424588	0.011069347001050528	1.0347039537714968	-0.8852234035109555	3.038740834762698	0.007929585516951543	0.1678188621062066	0.007867023343662669	4.4757235876959	2.2533881858705254	-0.2515712821103817
0.5	0.44999999999999996	300	1.570793185202243	0.024535982713762443	0.2125490070693978	0.006920925465041933	3.331611112146675	3.424121834347673	3.6833883076564096	0.010386358852395888	0.19622890574911375	0.003989916809107249	0.16046723115174702	0.2837494055539781	0.5527101801930514
0.5	0.49999999999999994	300	1.570793185202243	0.028393487173660678	0.22903221417741945	0.015897675115979226	2.1405053687686832	1.7730507369490534	0.4645375344265928	0.008306578007228426	0.21752303264291914	0.012872135398708918	-0.9194436650717245	-1.3621574376976004	3.5497252909841044
0.5	0.5499999999999999	300	1.570793185202243	0.0288607203205202	0.2541496010841853	0.00848246451662532	3.1986519151269808	3.3287795933381874	3.2128256403474524	0.012146626627151276	0.2467903402820245	0.005552796872711834	0.04830228913532551	0.1854797895500206	-0.051923751706396154
0.5	0.6	300	1.570793185202243	0.04045565701210158	0.27375031593749183	0.033659159911986626	-0.013566347073362652	3.6640492914112803	0.40551158658110875	0.006245210469229966	0.27163117455401375	0.03014999728802872	2.9558313565010756	0.5169672267106015	3.500934661852815
0.5	0.6499999999999999	300	1.570793185202243	0.03257429989195763	0.2974001746349383	0.0036879584466200294	3.3347531017726535	3.6053511778346996	3.408535233275311	0.016267676522754623	0.3039746253362949	0.001564794324339539	0.21534001554287927	0.46384449631028846	-0.5521516503325115
0.5	0.7	300	1.570793185202243	0.041187646136649644	0.30823234073246075	0.026549104977765057	3.961099497196579	4.404590541643234	-0.9068164311194676	0.011230884603574569	0.3225910405361665	0.02515703064649961	0.7495898129080244	1.2529700238424646	2.262260303702657
0.5	0.7499999999999999	300	1.570793185202243	0.058509019717156364	0.33369732407075814	0.06103552198978352	-0.1642862453365147	3.734901831114355	0.3795106996174031	0.012111179486088343	0.36036713262331116	0.06425131597587447	2.3601913627689504	0.5885924012900775	3.4975111755477304
0.5	0.7999999999999999	300	1.570793185202243	0.06117788219431738	0.3480777284350922	0.06377130065870006	-0.2929351601909981	3.412268859693128	-0.06786649681555727	0.013601455601536541	0.39032045194752396	0.07129234977268706	2.2227258368354317	0.27616139541614193	3.048210213287358
0.5	0.85	300	1.570793185202243	0.05350048520440437	0.34722144695542173	0.04476712399225168	0.3071557570030231	4.618979907015812	1.582400341790571	0.015061284237634094	0.40817503102870806	0.052488879001688894	3.290487699771058	1.4715924569363716	4.677493610018787
0.5	0.8999999999999999	300	1.570793185202243	0	0	0	0	0	0	0	0	0	0	0	0
0.5	0.95	300	1.570793185202243	0	0	0	0	0	0	0	0	0	0	0	0
0.55	0.0	300	1.570793185202243	0.009677231675879977	0.0148984720432358	0.0006336368029623175	2.1901311943676767	1.4574163414689292	4.3271212968891	0.011750673056093178	0.015111410125473975	0.0002185919665525598	-0.7587924729939165	1.493772819757444	-1.0794734017046448
0.55	0.049999999999999996	300	1.570793185202243	0.010505900666334344	0.036989947703495	0.0009766234932219145	3.8189172492945875	4.171860532143665	0.6262301660489351	0.011270305781793626	0.006931798995897993	0.00035558600457641604	0.42035339354668855	1.0503974221271755	4.651835260125235
0.55	0.09999999999999999	300	1.570793185202243	0.015056086140345072	0.059041149444360896	0.002166201809137724	-0.46265805321450904	2.0568117463352658	-1.2898865170870533	0.007667383968749011	0.02943666190519016	0.00030312126452365347	2.5164383053796655	-1.0827077754454555	2.414347792174209
0.55	0.15	300	1.570793185202243	0.01302410448088766	0.08060534467226138	0.0013732247785367884	3.843841746068793	4.2856526581949215	0.2978337202013073	0.009952378007064487	0.05170294813970028	0.0009902610442704932	0.5091340075025005	1.1485054884268031	4.0138603374165935
0.55	0.19999999999999998	300	1.570793185202243	0.01391221683952882	0.10188909376714644	0.0019791154399833545	3.7761704614284843	4.066835807305345	-0.6240012279252604	0.00930206705640917	0.07424476864513378	0.0010563663913674705	0.4044854203781676	0.9250488912747586	3.239758338355823
0.55	0.24999999999999997	300	1.570793185202243	0.01331048186168701	0.12235833543554801	0.0004763386818197986	2.834847309897159	2.5947994128335625	1.3751600003948288	0.008469785424093813	0.09640117079903693	0.0007066526301872164	-0.23556555372490987	-0.5422624175262234	2.4172265375265516
0.55	0.3	300	1.570793185202243	0.018796008656147393	0.14368968350666378	0.006476251228683528	1.3941702373336402	0.15105902825741113	3.971189617155412	0.00816925083258805	0.11915876668252741	0.0045390463950872074	-1.3031830034240977	3.287071460334282	0.6147000875061106
0.55	0.35	300	1.570793185202243	0.0210415081111836	0.16461666412795486	0.010929448189250499	0.4744806240176811	4.598079903241093	1.601397945627182	0.005788505264671042	0.1425878423223951	0.007553754348568761	3.951054725932359	1.454962620058579	4.623252088818337
0.55	0.39999999999999997	300	1.570793185202243	0.021249579873209672	0.18061432818537512	0.007515428252521879	4.6922492377362115	0.2348881273737191	1.9346653529660038	0.006839930611963953	0.16234416860349157	0.005379039944804535	1.4466530840901883	3.381203513134972	-1.2597746297490682
0.55	0.44999999999999996	300	1.570793185202243	0.02246970068309509	0.2020101757733737	0.011829118181619235	2.0470634850186213	1.5586447400220416	0.1577060494315148	0.0069208156185837895	0.18685009453912074	0.008935984183321807	-0.9241555444962702	4.706441413201071	3.240216876200947
0.55	0.49999999999999994	300	1.570793185202243	0.024376354422865662	0.2210525205027539	0.012565808691940997	-1.1361571663321852	0.8734845893857143	3.028191093501103	0.006779078139166112	0.2100477890870032	0.009352243894146682	2.030286008700033	4.016431070886016	-0.10893367993848385
0.55	0.5499999999999999	300	1.570793185202243	0.028714546454402256	0.23551360900219026	0.016410363638897592	4.233101912799135	-0.5425057951259117	0.45721732947482613	0.007899710400143475	0.2279303070421487	0.013524574314907325	0.7902533615910465	2.596160674735	3.595105948236171
0.55	0.6	300	1.570793185202243	0.02755309994597863	0.26813123846233744	0.0098577577861257	3.7509064024380905	3.873174281406029	-0.9730052273702602	0.012240133057001232	0.26725531321533874	0.008829508549920012	0.5309872610320239	0.7334370801962173	2.3798591491725443
0.55	0.6499999999999999	300	1.570793185202243	0.03754285285854973	0.28100120988413707	0.03182144638105525	0.0531911727873726	4.217689349763398	0.9287154412385684	0.008089008542923439	0.2866618713380679	0.03015556957298246	3.0183851280161482	1.0710335777509385	4.007661169473663
0.55	0.7	300	1.570793185202243	0.034494579875966075	0.29196599642932636	0.0256322489934946	-1.043114015804988	1.1208048034382154	3.1939774858019043	0.00680297882692006	0.3055180557165101	0.02503900576513676	1.8881480299240618	4.25841762657457	0.04376418791033039
0.55	0.7499999999999999	300	1.570793185202243	0.03500416644245856	0.3110501604451759	0.02326517972322248	2.0375979422187522	1.8684166478123236	0.3709460231507192	0.01257446347064077	0.3374743739528616	0.023913934037006805	-1.191150382086087	-1.2674559147055144	3.4476477112027397
0.55	0.7999999999999999	300	1.570793185202243	0.04041276441431753	0.3216540565307495	0.03227656490625186	4.057249848317663	-1.3644117435983858	-0.32505581034777165	0.009109715328602335	0.3607342425763396	0.03465105844720969	0.8060034381815662	1.778693559644308	2.834946768778085
0.55	0.85	300	1.570793185202243	0.037937665567522656	0.31750457809475846	0.02510328539722251	1.5414996979849405	-0.21480315370702316	4.298284769361959	0.009638695921885458	0.3734541128773721	0.029583759615427856	-1.3849353264434656	2.919874357882468	1.1921210558611919
0.55	0.8999999999999999	300	1.570793185202243	0	0	0	0	0	0	0	0	0	0	0	0
0.55	0.95	300	1.570793185202243	0	0	0	0	0	0	0	0	0	0	0	0
0.6	0.0	300	1.570793185202243	0.010552066740667113	0.014749496575529774	0.0001644542279734481	-0.31577814409199173	2.500265928376715	-0.9033964147066678	0.007181885852089204	0.014349771797669669	0.0007276298382857327	2.7927874783836586	2.4679773499852877	-0.9417061735606066
0.6	0.049999999999999996	300	1.570793185202243	0.00759189541604198	0.03583924772164163	0.001061295233463712	3.3400371542039426	3.4494321787328808	0.2951544302199264	0.010177523817546538	0.006531458161389855	0.00036329405646390057	0.13248137561788728	0.2898604026145207	3.4638003393211063
0.6	0.09999999999999999	300	1.570793185202243	0.008462039743582277	0.05665217301891478	0.0013479148374971515	2.5524076483388645	2.3278969304125647	-0.4794553192917475	0.009000619278450368	0.028105642281823887	0.0008247979946303262	-0.323767541577115	-0.8189590162993918	2.406655159689889
0.6	0.15	300	1.570793185202243	0.012660297307697509	0.07786144187893226	0.0026333023259990625	0.49121961510114626	4.500540071915051	1.3366150644892787	0.0063533256633320975	0.04993448395749498	0.0010682790474347453	4.022701640333893	1.3524707573672576	4.20758058150132
0.6	0.19999999999999998	300	1.570793185202243	0.010227465259135836	0.09898182330978676	0.0016468621598873115	3.5924681993264613	3.6692666269269054	-0.2741436089181151	0.008680476251659193	0.07211739832453698	0.0014029841541421625	0.23544541683876913	0.5325679669473263	3.2921755423267065
0.6	0.24999999999999997	300	1.570793185202243	0.013779651954431284	0.11764423954110294	0.004116447541392291	1.3888356759082896	-0.14564278614398246	3.7281104783087082	0.0067261068531716765	0.092728776984862	0.002262008244186801	-1.4212118143316461	2.9995166835088254	0.2560208332854143
0.6	0.3	300	1.570793185202243	0.01577954553024957	0.13947451522230542	0.0058293395298665085	1.4823473466068322	0.464166133474883	4.31388848898468	0.006785618178955772	0.11601353003530031	0.00412216558923105	-1.2928179511472258	3.6065057126782207	0.9910878995730917
0.6	0.35	300	1.570793185202243	0.018282768005976384	0.15858334573988117	0.00740292041698008	-0.765239557920949	1.337367530391288	3.894657547981975	0.005252631372609262	0.13763427112260213	0.004790431066751852	2.2779240520335557	4.482269902797144	0.8024239791808134
0.6	0.39999999999999997	300	1.570793185202243	0.018194434451101346	0.177003125058296	0.00875435802790773	1.041590807116897	-0.6015397857150534	2.9530851476279905	0.006025567333180806	0.1588286764767497	0.006796554855346548	4.590620973560295	2.538764098719664	-0.27243473907037363
0.6	0.44999999999999996	300	1.570793185202243	0.02391100546146565	0.20038192370166932	0.016836107231621572	-0.5956546926803289	1.8444177508534618	4.398743347134083	0.003947973639140198	0.1843296608733501	0.013322039727427699	2.5224912614833794	-1.3030209149208407	1.2457206553866031
0.6	0.49999999999999994	300	1.570793185202243	0.026542691721949955	0.22192540572551955	0.023316767274619395	-0.2545264093443466	2.6253069748962763	-0.7681890089478979	0.002190915618598368	0.2096357179112575	0.01941497946498534	2.816412033874561	-0.5255817022002474	2.37902332673092
0.6	0.5499999999999999	300	1.570793185202243	0.023984463261319124	0.22757975872391448	0.015147448752737894	4.300341533116908	-0.303340036720666	0.944409089982213	0.006411574071670667	0.22128984097881085	0.012171266927222493	0.8538808021267713	2.835965069798458	4.040936721288979
0.6	0.6	300	1.570793185202243	0.025740342938556704	0.24792761603328373	0.01780342549572458	4.076463417879071	-1.2243019792826608	-0.2779736919276924	0.006012957274371669	0.24607241048876238	0.015350626400086538	0.5925858371678379	1.909827526501135	2.8673975724958494
0.6	0.6499999999999999	300	1.570793185202243	0.03419979941852167	0.27444794648296617	0.03234630752517892	0.14860787643052148	4.426115823242934	1.2897342913852832	0.006507674871755131	0.2802003795445338	0.03131088719184951	2.8523198364762044	1.2887166318394614	4.393738959527211
0.6	0.7	300	1.570793185202243	0.02677771006416246	0.27950115289482064	0.017286449992547224	0.6306629690752735	-1.2491184846699277	2.2246218373220272	0.007302686277979886	0.29252138434573144	0.01737312085633199	3.963495537202271	1.887008982512701	-1.0081774242645645
0.6	0.7499999999999999	300	1.570793185202243	0.03134254131396	0.2919523313636048	0.02204646649040972	4.203581718776645	-0.6493264425636798	0.5202110633077927	0.008322368496723711	0.3163475966275008	0.022172183672667104	0.8247969514287126	2.495689263939001	3.636138357965179
0.6	0.7999999999999999	300	1.570793185202243	0.03413995866762609	0.30206536676928164	0.025096544350047472	4.198366873174028	-0.4484473076954923	0.6790116172800595	0.0097578734153743	0.3394029795775901	0.027082313388336634	0.7488709075769678	2.6957111983882696	3.777764581646161
0.6	0.85	300	1.570793185202243	0.03805608665942814	0.3284987723148109	0.028541099043849993	1.7012073696992072	1.5851010545033717	-0.30117202618853156	0.015388173011435852	0.38790129090788383	0.034382732777158545	-1.533612638074979	-1.5567175331301875	2.7705390150762153
0.6	0.8999999999999999	300	1.570793185202243	0	0	0	0	0	0	0	0	0	0	0	0
0.6	0.95	300	1.570793185202243	0	0	0	0	0	0	0	0	0	0	0	0
0.65	0.0	300	1.570793185202243	0.005814305750429872	0.013939095489739215	0.000629917155672696	2.618703083872526	2.220972399879966	-1.1625273973271024	0.008741706980815354	0.014247879345518992	0.00018346210214775058	-0.4123828728768375	2.254264245835853	-0.9926030478228184
0.65	0.049999999999999996	300	1.570793185202243	0.006277361162587332	0.03469386798225105	0.0010820316580472367	2.423319756512723	2.130178021506478	-0.8942242740006336	0.008372838206487382	0.006371067106633401	0.00031153454000121863	-0.4094015595348595	-1.0404814927804356	1.6383673792898836
0.65	0.09999999999999999	300	1.570793185202243	0.01104749770779537	0.05545985225740051	0.0019787484929492134	0.0051049329949904845	3.1682840489490416	0.008144814553704933	0.00463015277483432	0.02754360732138217	0.0003588885190875968	3.1479175773524233	0.02137406334120776	3.1585279277717966
0.65	0.15	300	1.570793185202243	0.009640527530484276	0.0750862538144182	0.0022258549631198866	1.4463389245700613	0.14897348405945515	3.651361671781887	0.006462380823651448	0.04832628720085819	0.0010583115441187036	-1.2687611609938028	3.296178131369222	0.06343198671644082
0.65	0.19999999999999998	300	1.570793185202243	0.012929232322606702	0.09523025866055042	0.003926989619774446	-0.19996382993399273	2.939562250484316	-0.5660291845293334	0.00442790468755324	0.06949650958200639	0.0018657643989087884	3.076570086969365	-0.19854386825093867	2.456754677323669
0.65	0.24999999999999997	300	1.570793185202243	0.010673027239651084	0.11584369558203611	0.002623720301374518	4.027450466829001	4.339482473208961	-0.08041427334425315	0.0065389919812229155	0.09110831273745514	0.0016938569794693803	0.49687147616232935	1.1945418986538947	3.4896241366656673
0.65	0.3	300	1.570793185202243	0.01193843619716582	0.13585317119735202	0.003758473823208426	4.145745058330296	4.65079664734012	0.4769748646976681	0.006650519619766083	0.11302049569765386	0.002728126179623799	0.6822085091395135	1.5155556860125818	3.906430825149763
0.65	0.35	300	1.570793185202243	0.017628352003326256	0.15657094050910025	0.011282276144074628	-0.17001684339421183	2.7680040746805212	-0.5175018677305928	0.00264203473082856	0.13514036534920681	0.00809155760038977	2.9055656664940903	-0.38234614307343534	2.6252538324191423
0.65	0.39999999999999997	300	1.570793185202243	0.0184603958553637	0.17486738995724593	0.012324754889321715	0.007367251834069862	3.9749081998766855	0.6113434007588915	0.0028925591756857145	0.1565542085308232	0.009568086082506333	3.426044050957863	0.8316538025684672	3.6878645457439365
0.65	0.44999999999999996	300	1.570793185202243	0.01567889901148639	0.18871434265067433	0.005471706935883398	4.3864736789514644	-0.4946510872295861	1.0983970632069882	0.005357266295546218	0.17430849718929015	0.004214999105309805	0.9720822519654537	2.6494923735962668	4.28186169396686
0.65	0.49999999999999994	300	1.570793185202243	0.014636208245454646	0.212893395354922	0.001843499578866731	3.674902737910615	4.022356826728013	-0.2204660940197115	0.007904103160479332	0.2017852962777384	0.0021925322239957235	0.5102134679018413	0.8828764739291297	3.56841689709673
0.65	0.5499999999999999	300	1.570793185202243	0.016376492522770843	0.23211957492261304	0.0055210123037776	3.6328693757676227	3.476485450368544	-1.2209056421844315	0.008533950444873721	0.2255463377155171	0.005191145276198121	0.2873216026458998	0.3327264965705504	2.2021099287513977
0.65	0.6	300	1.570793185202243	0.01892336328391066	0.2352493798579085	0.012661236727473752	1.610717092240895	-0.10834874183062597	4.466972694919509	0.005476557777554662	0.23382966096199442	0.010509531367796468	-1.0707269449086614	3.0344352130437384	1.2425188057170407
0.65	0.6499999999999999	300	1.570793185202243	0.028556890095603624	0.26891694180543724	0.03241970790617499	-0.42943909288954724	2.7273006957000563	-0.8403774076524608	0.0022936031319996703	0.2739486896770306	0.03136415752610855	1.6173909378851925	-0.4128950209692237	2.2709115859871476
0.65	0.7	300	1.570793185202243	0.021679835394014944	0.26886842049817633	0.013575496932820683	-1.2548929405092213	0.9635087398889214	2.7467534493386747	0.006213743666485892	0.2814058563440251	0.013215262667190773	1.4836481699559678	4.10376262377986	-0.3774450870694971
0.65	0.7499999999999999	300	1.570793185202243	0.023829518478476152	0.28391346285383956	0.017633087772955604	-1.287252437867885	0.8665804790298995	2.697478888746044	0.00638786477019099	0.3062615509042486	0.017900042248824206	1.3679849404878979	4.003257298166806	-0.42481756240228535
0.65	0.7999999999999999	300	1.570793185202243	0.01937372996878897	0.32235829148191997	0.01606772820064835	3.3866015217812158	3.061590579868637	-0.5196938980725515	0.017231820784133794	0.36366385076869767	0.021231254230286656	0.1497658336492536	-0.07405130166562687	2.641849838316493
0.65	0.85	300	1.570793185202243	0.022392114657892523	0.33026853391420335	0.013622507413810634	2.5908112493501436	2.783259480056419	0.21987924479014356	0.017511045579873732	0.3924064522880507	0.01794806284639328	-0.4203021416966465	-0.35930377886537435	3.303854109497741
0.65	0.8999999999999999	300	1.570793185202243	0	0	0	0	0	0	0	0	0	0	0	0
0.65	0.95	300	1.570793185202243	0	0	0	0	0	0	0	0	0	0	0	0
0.7000000000000001	0.0	300	1.570793185202243	0.006096953053784285	0.01374324696653093	0.000581439638367167	4.628139082466477	-0.7602704329338235	2.39233746347585	0.006486809786080027	0.013774772487144182	0.0005285603904203683	0.9090744604475677	-0.7752839006934619	1.8699155524040572
0.7000000000000001	0.049999999999999996	300	1.570793185202243	0.004661338698881971	0.033443429459524804	0.0008448663203994968	2.9640519646433585	2.9287342655155455	-0.1886522033399981	0.006760925219752698	0.0062195052565992325	0.0002610486232842896	-0.07158011531251704	-0.23349657311188793	2.862483460471391
0.7000000000000001	0.09999999999999999	300	1.570793185202243	0.006992538793653277	0.05320784557919339	0.0013113488450551885	1.4591498057470569	0.17821616520388214	3.403548055300667	0.005673339189755119	0.026558582902568025	0.0005002543419719107	-1.2594445748266356	3.32500918738365	-0.3403510928920156
0.7000000000000001	0.15	300	1.570793185202243	0.010538336649365805	0.07375807334003133	0.0031981569111144965	-0.20877536547309666	2.6964066107869904	-0.6326435691516936	0.002971902707189126	0.047202178598926475	0.0013202239352768654	2.8777652108863503	-0.45115678848288	2.5438086237297264
0.7000000000000001	0.19999999999999998	300	1.570793185202243	0.006136781843783281	0.09193649950747662	0.001091055837115628	2.7314990199243634	2.690225277025632	0.2683021352105213	0.0049304454016526784	0.06704652527989796	0.001079884417014892	-0.19277296444017428	-0.45323898000452845	3.1953814436709247
0.7000000000000001	0.24999999999999997	300	1.570793185202243	0.008834849058920489	0.11228331232614838	0.0032876833085556064	1.8776733475792786	1.525664464267669	-0.8353773677570986	0.004865097767926899	0.08815253880824954	0.0024728983246081774	-0.7397777643628907	4.660167419533187	2.0517719100834277
0.7000000000000001	0.3	300	1.570793185202243	0.0069147670614716685	0.13149067914876925	0.002587204496405548	2.2587041897150915	1.99512080614931	-0.9197174017297871	0.005427702256112328	0.10909200200307971	0.002453274387378139	-0.545213541983055	-1.1474521658595531	1.9640127793479705
0.7000000000000001	0.35	300	1.570793185202243	0.011575601180601799	0.14820444278413308	0.00419674946599989	4.203370171888343	-1.173956520590192	0.12705757040128496	0.0041167662008813	0.1281396868560015	0.0026689546929044884	0.692899583756164	1.9618810918229184	3.442368193252544
0.7000000000000001	0.39999999999999997	300	1.570793185202243	0.01231791476859589	0.16594730130050395	0.00707509840629743	-1.4217343558741509	0.3988197971505093	2.2496697751556747	0.0031069249067302612	0.1484291236255105	0.005134555110628401	1.2221140685859069	3.534795533179971	-0.8151685612043729
0.7000000000000001	0.44999999999999996	300	1.570793185202243	0.01714895609070894	0.1887029844580058	0.014675794270946466	0.19348839330825274	4.440494982398311	1.2836657887942913	0.0017109291443969802	0.1741576559521654	0.01223614277945827	3.220935395289457	1.305799993844636	4.3883443195784615
0.7000000000000001	0.49999999999999994	300	1.570793185202243	0.015111070969688046	0.20246059040783998	0.011350808939125968	0.46074445645128814	-1.3802885970814864	1.7123741579080316	0.0034986952542922587	0.19239961438906636	0.009701826073933363	3.8926497781418288	1.7657243363544155	-1.4737590553260043
0.7000000000000001	0.5499999999999999	300	1.570793185202243	0.016228299492126	0.22159043647335808	0.010114209555987174	4.179422972685101	4.438638580154688	-0.45452754217831765	0.004743854986841524	0.21508240077957697	0.00871001435368095	0.7462711760784017	1.2898949189681188	2.777413278541412
0.7000000000000001	0.6	300	1.570793185202243	0.020345322406408056	0.23894255641264944	0.017183746265632512	-0.3397424380326932	2.1888029885453273	-1.2374189736217258	0.003391045865049731	0.23793758283109376	0.015702147358014378	3.025225053492352	-0.9551461900744269	1.9220025669616736
0.7000000000000001	0.6499999999999999	300	1.570793185202243	0.017459571563771165	0.24961056788122324	0.0120724944470714	0.43238474512393227	-1.3072100433767522	1.8255669608502343	0.004827038114511402	0.2546020253065997	0.012009154492814799	3.8632085801483074	1.8284449780713428	-1.408471146342146
0.7000000000000001	0.7	300	1.570793185202243	0.02298666690335862	0.2667966429711765	0.019019462951865955	1.66138349891868	1.498188561513917	-0.3084144460537047	0.006874493643526822	0.28001843052049963	0.019658340101515105	4.491574128646966	4.635739796961771	2.7663190513722973
0.7000000000000001	0.7499999999999999	300	1.570793185202243	0.02089919974811982	0.27790774648438343	0.01408549159633464	-0.7697055472093743	1.395234969503536	3.7974205200559146	0.004518252998799287	0.30129749792752003	0.014314727620549543	2.4049197678330483	4.540080732342473	0.6379283054761307
0.7000000000000001	0.7999999999999999	300	1.570793185202243	0.02381385652614358	0.28733526961263894	0.022551732383889803	1.704582499729852	1.318337732329952	-0.20341457469190383	0.006167372470006381	0.32279493959210726	0.02433450699385418	4.670021487162522	4.464894189668547	2.9201977015828087
0.7000000000000001	0.85	300	1.570793185202243	0.026818345793039353	0.3089129140484178	0.026352546625685022	-0.45678179275112973	1.8673949842323405	4.581353788852892	0.004908246968997793	0.3645725502402054	0.03151163136831424	3.0989332098918525	-1.2740507744482799	1.4405843073815363
0.7000000000000001	0.8999999999999999	300	1.570793185202243	0	0	0	0	0	0	0	0	0	0	0	0
0.7000000000000001	0.95	300	1.570793185202243	0	0	0	0	0	0	0	0	0	0	0	0
0.75	0.0	300	1.570793185202243	0.005881396472380944	0.013377549508262362	0.0004384569390061356	0.7714390084660999	-1.1545585509421326	1.7441981831935176	0.004038142021920106	0.013334681100388114	0.0005636908538181953	4.4872072003492525	-1.145843751830682	2.2333975480698487
0.75	0.049999999999999996	300	1.570793185202243	0.0073633309951518875	0.03299587510954132	0.0011395451093304317	0.013316122327040337	3.290148029414848	0.037347982313023005	0.0024230006278575912	0.006255791336608246	0.00018084993510146102	3.3519266178857947	0.14363584833369936	0.15532923769326937
0.75	0.09999999999999999	300	1.570793185202243	0.005081083685741724	0.05194372480661132	0.0012005397016883054	1.7533121410320913	0.9786521907745961	4.127112349687975	0.004995741567279742	0.02585080140346184	0.0005116381987590966	-0.892109315741656	4.118724998113226	0.7092412214224356
0.75	0.15	300	1.570793185202243	0.00427643254433995	0.07143464652932124	0.00151266936480029	3.5423706057933364	3.477879381320393	0.058170899765814646	0.005261265262841189	0.045654461209128736	0.00107572017706521	0.1283342732595898	0.3316118005082378	3.258248319438664
0.75	0.19999999999999998	300	1.570793185202243	0.0068323100798087875	0.08960199723114888	0.0026496989930111818	0.9536478395966906	-0.6493536870221374	2.7048641176335715	0.003678497027546202	0.06517657720868046	0.00158782426490709	-1.4898709021734018	2.491397183103902	-0.7129129145761373
0.75	0.24999999999999997	300	1.570793185202243	0.010327801967948866	0.11019604366386858	0.006075622508197757	0.03202054317618992	3.4793477883704003	0.30325357396016517	0.001038466539154374	0.08642132440720805	0.0038125189947752687	3.3357508598103442	0.3331228427118833	3.4112684114761023
0.75	0.3	300	1.570793185202243	0.010943261390838224	0.1273752546512346	0.00581247920252702	-0.15289911362137146	2.6558586900954007	-0.5625783214134036	0.00228531180131569	0.10575798953123212	0.003961102859913177	2.9077014843037094	-0.4903231492821235	2.6376531260795444
0.75	0.35	300	1.570793185202243	0.012003099450573831	0.14564845435317275	0.00737171701165623	-0.29768662532905327	2.880988251658467	-0.6502255681424124	0.0017431197659693919	0.12634668062124507	0.005268185369616152	2.8153467413816013	-0.25565888394766506	2.453357227052116
0.75	0.39999999999999997	300	1.570793185202243	0.008045925681799307	0.16437992295913542	0.0034415201170855665	4.137587766599429	4.539845799855208	0.8819118798548269	0.005215140157650027	0.14750976801237023	0.003164155716123443	0.7398453660742478	1.4041613623278246	4.2181331660359405
0.75	0.44999999999999996	300	1.570793185202243	0.010937880044440825	0.1788979882355716	0.00648976922310784	-0.9789441723859746	1.1086976969134716	3.2877861791594003	0.0018684898072328614	0.16500460047538384	0.0053177899409831775	1.719700658586386	4.2501352859480175	0.1456916983728158
0.75	0.49999999999999994	300	1.570793185202243	0.006749776468510625	0.20190321738828998	0.005266849411216358	3.2191677253947413	2.84605190905445	-0.6912725798991647	0.006846383522833419	0.19138407683525657	0.0057729323592324725	-0.08052602904404449	-0.2912994093051772	2.486765381432394
0.75	0.5499999999999999	300	1.570793185202243	0.012867155825231538	0.21192202686931597	0.011049943872877104	0.795610072739092	-0.8870922612523056	2.6550411361350195	0.002287757376098187	0.20571665855035692	0.010425281152799948	4.678874603061325	2.2632720234384776	-0.5393094009119227
0.75	0.6	300	1.570793185202243	0.006805121391328299	0.23963717313004668	0.012360477250046428	3.0883675585807118	3.214735962873709	0.16949214801077586	0.009778736803773468	0.23883969233365807	0.013105132391618918	0.017555297009684025	0.07129640404775235	3.313044528413887
0.75	0.6499999999999999	300	1.570793185202243	0.018036256238457952	0.24880037042243341	0.018366620218495933	-0.3412301381590661	2.241406739194168	-1.2126099820463712	0.0018930052760299037	0.25418458313654957	0.01766058547331088	3.213899958717171	-0.9027712250181237	1.9279915172456532
0.75	0.7	300	1.570793185202243	0.014105912919495804	0.270570630253505	0.013663648777642277	4.069252931103801	3.431996320326846	-0.5511164089779583	0.009727965524268349	0.2847285868427768	0.015273649061185989	0.5557093786041352	0.2913741830921717	2.6629909009177037
0.75	0.7499999999999999	300	1.570793185202243	0.02488372072865843	0.2868150721246214	0.038894678966220356	-0.1932628577391785	2.964926134864782	-0.34774734233310106	0.003128193456857568	0.31094178424843066	0.04104234981927555	0.12954672789557295	-0.1864505489498717	2.7954353287734577
0.75	0.7999999999999999	300	1.570793185202243	0.017718635044526893	0.2805848718135693	0.014495938408207164	4.2186955415754515	-0.9782034985162608	0.3627359307420588	0.004260043223234122	0.31590104726185675	0.015505756756136625	0.8787170969637836	2.167752346350402	3.5127902647941363
0.75	0.85	300	1.570793185202243	0.01879626497494103	0.2934310262775113	0.014956988937429075	4.083175321756607	-1.5074414760849233	-0.3943469956993075	0.004727579536309461	0.3454803944136297	0.017666717462658136	0.5207935612974253	1.6274725701657522	2.761108818755906
0.75	0.8999999999999999	300	1.570793185202243	0	0	0	0	0	0	0	0	0	0	0	0
0.75	0.95	300	1.570793185202243	0	0	0	0	0	0	0	0	0	0	0	0
0.8	0.0	300	1.570793185202243	0.0036302110410983924	0.012883947317765241	0.00040737126445011877	-1.5210147894505583	-0.5744726774240289	2.5721517795784647	0.003883282278028854	0.012897519748308278	0.00038643554775826965	0.9651389001588285	-0.5830927838171897	2.1902163067356306
0.8	0.049999999999999996	300	1.570793185202243	0.0038440614938603564	0.031730379509663696	0.0006994727593948437	1.353328236887789	0.2710852015677396	3.2058964307448257	0.003837757806451681	0.005999175255370481	0.00013695922173613239	-1.1334633363775293	3.4083125600469226	-1.1051512206087706
0.8	0.09999999999999999	300	1.570793185202243	0.004150774913696479	0.05035933384357602	0.0013645526672540177	1.2745910346163145	0.16185012328909681	3.2414526316298558	0.0037843098852935082	0.025099016407515804	0.0004967302772232867	-1.1378569530879503	3.309455020691701	-0.2801738851072905
0.8	0.15	300	1.570793185202243	0.0061155630370617045	0.06944857726840756	0.0028244440875785665	0.5553974029677293	-1.1509992155761335	1.9734663222454167	0.002375329284067863	0.0446072932888094	0.0013164494216802783	-1.449137427254083	1.9956152827900757	-1.2524802444282752
0.8	0.19999999999999998	300	1.570793185202243	0.0036788933381957296	0.08743197937672186	0.002389754120830523	1.7917158406133395	1.9551694615988513	-0.7796772879915068	0.0036475479675393803	0.0637628584421822	0.0016460038203056303	-0.4620348890614419	-1.1837667148677313	2.2917091439282
0.8	0.24999999999999997	300	1.570793185202243	0.005574114443345988	0.10448513056312735	0.00242307005858023	1.1092153987594477	-0.4882017216310896	2.6823743899333663	0.002896836928807173	0.08234772915241781	0.0017027456076395672	-1.3525000495387514	2.6504433372325846	-0.5115385251283594
0.8	0.3	300	1.570793185202243	0.007424259505871133	0.1238051476397567	0.0043152165199919134	-0.48930942184047915	1.424982785719445	4.340542973378305	0.0018433038526810691	0.10280112544611925	0.0030284511189197665	2.32093014600445	4.561182182862802	1.3031371527269004
0.8	0.35	300	1.570793185202243	0.008090589789727239	0.14097485193753048	0.004870213861544764	0.1311979902910813	4.219951637591033	0.9395808637093286	0.0012898128723608901	0.12210545252847832	0.003675425385355084	3.99403586631228	1.0740219830445406	4.043083807699545
0.8	0.39999999999999997	300	1.570793185202243	0.010213435220885343	0.15871823785680292	0.006973896577923848	-0.3495081639936657	1.6181028218341176	4.624631763448597	0.0019038172347716432	0.14240780021206717	0.0052930805628797015	2.7261888339719147	-1.5267014059736206	1.5019883048518037
0.8	0.44999999999999996	300	1.570793185202243	0.005964157068869235	0.17768097010779144	0.00606576459625756	1.5920859257598674	1.804112420288388	-1.1448892118383662	0.00413506266445634	0.16383789595729686	0.005736565393871498	-0.8110957860443821	-1.339294569991082	1.903867929096514
0.8	0.49999999999999994	300	1.570793185202243	0.009418962001636534	0.1923443242969288	0.007541290375940078	4.555683400427135	-1.271402958447498	0.7473431386574895	0.0029262246491625096	0.18263621382013484	0.0065198676323189155	0.9841842892876318	1.8738253895412957	3.987958859386623
0.8	0.5499999999999999	300	1.570793185202243	0.012416993126603802	0.20731982631113932	0.009119007934009219	-0.29717490982602046	1.7734060499749755	-1.4718510115813053	0.0028522075357963346	0.20204232395740396	0.007959404722637434	3.05869686219458	-1.3642443993670972	1.7419512809318847
0.8	0.6	300	1.570793185202243	0.004590684577899191	0.23296513318682813	0.013958988555556023	2.4112511910332146	2.8461896160191356	-0.2532641922492942	0.008828834616573258	0.23210554184690155	0.01451295686027005	-0.22316963121760533	-0.29484710405296727	2.876052035683675
0.8	0.6499999999999999	300	1.570793185202243	0.004313185912860375	0.25002696824934495	0.016645898600554862	2.517532890699968	2.862397874975245	-0.3101659017763674	0.00981960569188412	0.2557690766861724	0.018063623696303422	-0.1894212461566666	-0.27804002075870343	2.8330046130791384
0.8	0.7	300	1.570793185202243	0.014407624741162188	0.2529361460985018	0.01322132267252895	4.4627148667128695	4.606975999490144	-0.14050890368579047	0.0030693794976038536	0.26546769565709455	0.013440391504606164	1.2381360679483113	1.4579212492728442	3.038565480518666
0.8	0.7499999999999999	300	1.570793185202243	0.02548047446465872	0.2808696168412707	0.03922775093045879	-0.519557089342633	3.358008364301557	-0.12867797743264764	0.007775559060327412	0.303961617988482	0.04338772648330755	1.156453366388067	0.22736806235600354	2.998746045418772
0.8	0.7999999999999999	300	1.570793185202243	0.018767792373347185	0.28368594105733697	0.018000686979997464	-1.5606486697050161	4.533956917883114	0.21659442783677568	0.007452379679159314	0.3198223122496603	0.020666101484653567	1.6258556132116124	1.3917637318225549	3.3983227838254053
0.8	0.85	300	1.570793185202243	0.017130882945833818	0.29543858952392066	0.018004908869292326	1.6467984634277248	2.2239187319112483	-0.2284546954273198	0.011173250536214565	0.350535489615744	0.022769177799126013	-1.1225752976620664	-0.9165148407276877	2.8848197400345494
0.8	0.8999999999999999	300	1.570793185202243	0	0	0	0	0	0	0	0	0	0	0	0
0.8	0.95	300	1.570793185202243	0	0	0	0	0	0	0	0	0	0	0	0
0.85	0.0	300	1.570793185202243	0.0013575349687739338	0.012691663835408814	0.0006020378003687928	1.537697988895077	1.8130788439318994	-1.4686611791406532	0.004404596372508331	0.012778715455774277	0.00048718859268759274	-0.4163398703821459	1.825392729753576	-1.3664639385608641
0.85	0.049999999999999996	300	1.570793185202243	0.002259391807579174	0.030939549959063808	0.0007249902336951219	1.6514644529869575	1.2484115044482207	4.282567017279612	0.0032787538579087537	0.005826698758155089	8.620950645005838e-05	-0.6773817278314611	4.378703543125241	0.5185343009922163
0.85	0.09999999999999999	300	1.570793185202243	0.0019363301532388764	0.04914881500319264	0.0010825809856658869	1.6319577380977113	1.3790215834059525	4.298517517765993	0.0034897276587054554	0.024437604883338238	0.0004559258843517041	-0.7166949982747868	4.5241024176537445	0.9533846702980477
0.85	0.15	300	1.570793185202243	0.001255418917885386	0.06699222486460364	0.0013587065166397634	2.7052315980496786	3.022701949188798	0.04938805440425725	0.002925301205098519	0.0429339009296767	0.0009136720415978473	0.016939912434517156	-0.12466884031517003	3.2184693326386227
0.85	0.19999999999999998	300	1.570793185202243	0.00256275077281737	0.08533576073799487	0.001988463908509317	4.3647952461041655	4.585600936078019	1.5035443449189856	0.003359374729102863	0.06216138212985712	0.0013448241730960435	0.6273988477689965	1.4486372420904368	4.685347191660911
0.85	0.24999999999999997	300	1.570793185202243	0.0038423314562897664	0.10278725662127576	0.00257838545018446	4.389629635947324	4.57760422004229	0.84145541426358	0.0028659973944684825	0.08110067020694668	0.0017804933044286457	0.49636301703019825	1.4427211308765855	4.10839348018797
0.85	0.3	300	1.570793185202243	0.0024068102204544205	0.12180524185342152	0.004197835469489807	4.413988595755701	3.322450804387758	-0.20527098112627992	0.004192754502372692	0.10120768237663823	0.003417027932110791	0.10326043904794503	0.18616304514187396	2.985183377077713
0.85	0.35	300	1.570793185202243	0.0020973035129157503	0.13756400527584534	0.0030230930462210918	1.7726312892223763	1.9973355768247054	-1.247065503011602	0.0023063731930341737	0.11891413736814545	0.0030880043392907657	-0.7270823696284283	-1.1387877717431536	1.8799147569223273
0.85	0.39999999999999997	300	1.570793185202243	0.00533662320503517	0.15110760666276626	0.0016394168014657608	1.7518745893888463	0.3232919188869501	4.485277750544052	0.0024873243457910095	0.13527872586877354	0.0015289281827974332	-0.7395955798553197	3.4609853902857024	1.030852282928733
0.85	0.44999999999999996	300	1.570793185202243	0.009953473671410383	0.17480374783221556	0.012527001497567497	-0.07268674941990998	3.701768546011052	0.5137600055947859	0.002043221958838316	0.16108077228259868	0.010753466838422598	0.609420229137707	0.5617355741007646	3.6567700797210296
0.85	0.49999999999999994	300	1.570793185202243	0.006790125573223503	0.18512940081761575	0.004503122747363022	4.3046202514854315	-1.5341040832431476	-0.05658612281324811	0.002000870892878044	0.17523261711561655	0.0037243030187317787	0.41148843514833855	1.601211222134747	3.2232452687908766
0.85	0.5499999999999999	300	1.570793185202243	0.005789237763076197	0.19905057136644858	0.004717104409395896	-1.3802633231120711	0.16839056162634947	2.6474845371117803	0.0013245070327525571	0.19427833231735867	0.003910804461629313	1.3532200564730632	3.315840444065161	-0.49470016911684006
0.85	0.6	300	1.570793185202243	0.005203965806496245	0.21127816228108762	0.0020072581240423884	1.2706325920071095	-0.787787579693944	3.2613686557470967	0.0027979193595445645	0.2100131086601613	0.0019769147323347685	-1.1133576163441476	2.351370494621519	-0.24113448424965755
0.85	0.6499999999999999	300	1.570793185202243	0.005608686682247321	0.22518263634346564	0.004134885813555638	1.184882299607851	-0.757498252725728	2.019997911495594	0.0027335780145233556	0.23090435271323545	0.0037148446492169134	-1.4752232029943588	2.3846913628003175	-1.1000187188474557
0.85	0.7	300	1.570793185202243	0.014075025154052423	0.25464542119561523	0.024157311474311827	-0.1279252814467909	2.9947069138102806	-0.2671463881847906	0.0033568151521064663	0.26760674817026514	0.02501216120375117	-0.03756417106381764	-0.14934810746837457	2.880860160763844
0.85	0.7499999999999999	300	1.570793185202243	0.008110278150947406	0.248652635022657	0.007575915035077349	1.647038651753412	-0.2611557094193165	4.0032548614021	0.00359475911945212	0.26918686274985354	0.006950212326704607	-0.7454939425376753	2.8833238285449054	0.7685316113071425
0.85	0.7999999999999999	300	1.570793185202243	0.007688474340053758	0.26087987576126725	0.004175649379034591	4.623079429071568	0.46853362881160415	2.6234973342378307	0.0025081989323854116	0.29425557679381475	0.004129747632440342	1.1711315884406635	3.614943764470344	-0.6812923649766376
0.85	0.85	300	1.570793185202243	0.018162429606080725	0.28450352945772467	0.018968877902026435	-1.4749931896744741	4.474578483215968	0.04533654115346136	0.006821802320830271	0.33650469126287963	0.023125009477052857	1.8361968180708668	1.328577629008667	3.2037249986191223
0.85	0.8999999999999999	300	1.570793185202243	0	0	0	0	0	0	0	0	0	0	0	0
0.85	0.95	300	1.570793185202243	0	0	0	0	0	0	0	0	0	0	0	0
0.9	0.0	300	1.570793185202243	0.0033125180866864865	0.012432936198505757	0.00047257128213971705	0.06955908274995748	3.9916080149529574	0.5824773265919858	0.0011538286690710479	0.012387707668982726	0.0005390273554508471	-1.2701644572863295	3.991226386831645	0.6849486552770699
0.9	0.049999999999999996	300	1.570793185202243	0.0034345502183133333	0.030103141808843645	0.0008422339046619446	-0.1218076823816095	2.545665033056341	-0.5753763414323787	0.0004843226626411968	0.00570059140899298	5.511172952102928e-05	1.638024706384134	-0.594933236238344	-0.9437683285914521
0.9	0.09999999999999999	300	1.570793185202243	0.003480918510270812	0.04811643314407411	0.0017974469794710248	0.3920333816227839	-1.0798035617551809	2.0339352886968265	0.0015621528065492875	0.023905840761115207	0.0005581847741295374	-0.7900979365008172	2.0675323710735505	-1.160865299967099
0.9	0.15	300	1.570793185202243	0.00485508172178383	0.06590400513717659	0.0026129052210244114	-0.1762246199545765	2.8262741186689193	-0.4973316398030275	0.0005746649500570135	0.04222700397002214	0.0012249545641929412	-0.07117074181276	-0.3121743470660852	2.6060758355349964
0.9	0.19999999999999998	300	1.570793185202243	0.0008248339598467951	0.08314767656201234	0.002507775636906582	0.6266472065959419	2.7540754414636606	-0.39274881356828956	0.002656969518337332	0.06046007037297889	0.0016649570631252079	-0.10878493333825157	-0.38577792504027403	2.6781562923864737
0.9	0.24999999999999997	300	1.570793185202243	0.0022937660192136615	0.1001206053467365	0.002302978394539633	1.0194272525068362	1.013017257903858	3.9273990946736665	0.002717236629088776	0.0787275277518732	0.0017808001338893815	-0.8203557533544658	4.15417015793965	0.6711898932436662
0.9	0.3	300	1.570793185202243	0.005490450014930968	0.11813772883881986	0.005068210467523381	0.05758301207012873	3.295100297094662	0.2362775076875429	0.0005708355210961307	0.09789032170244295	0.003707816744668459	0.4032972127532089	0.14649555039411125	3.368066237477706
0.9	0.35	300	1.570793185202243	0.005391132723096445	0.13403636850145198	0.004471945108501567	-0.12360312901683917	3.5204866361937865	0.2349637464052293	0.00048397180058120444	0.1160370779848904	0.0035146234138187906	2.1770574459433663	0.3825268342264856	3.312960717439108
0.9	0.39999999999999997	300	1.570793185202243	0.003033142833080322	0.14766598028123887	0.002101482468173282	-1.344097660105134	0.6413239864322179	2.66958854223295	0.0013489024159385092	0.13216629247313091	0.0017771162946638782	0.5956839872431525	3.7801584790258107	-0.2899206902523583
0.9	0.44999999999999996	300	1.570793185202243	0.004594295290809688	0.16460264462455712	0.004258396116105351	1.2160826677471308	1.558417869324037	-0.6341660662061688	0.0013044205626960605	0.1524673503419014	0.00348895111779951	-1.3594906762699288	4.7059423100324675	2.486352951339546
0.9	0.49999999999999994	300	1.570793185202243	0.006021690215579984	0.18012681227991217	0.005905267821162063	1.058954924911539	1.246950458371392	-0.9704559979380216	0.0014312481077142056	0.17126350798407644	0.005061669113161996	4.490374193979702	4.394466694174529	2.1517584129942953
0.9	0.5499999999999999	300	1.570793185202243	0.004345840190392838	0.19149778438934345	0.0006696966787586432	2.0782865794859466	0.244270766026095	3.7678633111430533	0.0028391454710671375	0.18599456480661875	0.0011082034802436587	-0.4685827457884143	3.38168749517889	0.671035608927155
0.9	0.6	300	1.570793185202243	0.007021925784371844	0.2160078144298636	0.011502368253170917	1.278656210188513	2.448485004169127	-0.24552616716508613	0.004238376549417275	0.21540610045975295	0.011401644125110988	-0.8403873746491688	-0.6976730476029553	2.8843092746602634
0.9	0.6499999999999999	300	1.570793185202243	0.005722521686457562	0.22156759064511444	0.005589615998254856	1.311319790150852	0.4625327528261327	4.159789015423041	0.001955139732831639	0.22729432620293205	0.005367843867289482	4.429210242158861	3.607403089627012	1.0382132122771108
0.9	0.7	300	1.570793185202243	0.007976729262475984	0.23350492133072437	0.008602108818722818	1.5266957132461874	1.0258693408320723	-0.7169087200051518	0.0010993514502696995	0.24522579973197461	0.008842715956190099	4.391313861334102	4.166286813184037	2.380507523650871
0.9	0.7499999999999999	300	1.570793185202243	0.006570887839771913	0.24248421969195721	0.003939903754600968	2.170220331225024	0.6621848509587775	-0.6430784132924791	0.003549342568555802	0.2618130828079011	0.00438174472334888	-0.09250230983951165	3.8001564497545224	2.3035052469259196
0.9	0.7999999999999999	300	1.570793185202243	0.018931634056674442	0.26919127599096193	0.022505076642817933	-0.6904564263645615	4.06000190677988	0.2921046626003796	0.007279302122693797	0.30364645904615994	0.025809055400431102	1.9853479358645973	0.9176914652734105	3.422524055156929
0.9	0.85	300	1.570793185202243	0.00878409630338114	0.26222459274211857	0.007998012155627156	3.905699235156002	-0.5445771565783305	0.7104400430480186	0.0033014681676888083	0.309777186295359	0.009363532910551668	0.13912836125347985	2.599638996660677	3.7610875870761
0.9	0.8999999999999999	300	1.570793185202243	0	0	0	0	0	0	0	0	0	0	0	0
0.9	0.95	300	1.570793185202243	0	0	0	0	0	0	0	0	0	0	0	0
0.9500000000000001	0.0	300	1.570793185202243	0.0011053027531147657	0.012012945752245522	0.00051426485294344	0.14115868044408944	2.700366665336257	-0.4485871061970977	0.0025572948031463857	0.012054964297787879	0.00046377507470809673	-0.07616617257796209	2.7074961507688444	-0.4676254371329552
0.9500000000000001	0.049999999999999996	300	1.570793185202243	0.0017247911941077492	0.029470567790568607	0.0009344397023531201	0.4625107094130384	1.2885690107534344	4.474174116260665	0.002041671743557523	0.0055379486911674315	2.3806187743477268e-05	-0.3020263359605082	4.4354783828256155	0.518198465471049
0.9500000000000001	0.09999999999999999	300	1.570793185202243	0.0012462931541630659	0.04684944907267171	0.0014482238807448917	-0.2734244972235474	2.8567739505063243	-0.4974399394731171	0.0022027132951559277	0.02315401224146908	0.0005534810409827043	-0.1469046470770888	-0.292524447617725	2.6638198040701764
0.9500000000000001	0.15	300	1.570793185202243	0.0028442890994210945	0.06401517357971671	0.0023337121672526973	0.23298964451351953	-0.6673735128951048	2.413551317525026	0.001507143191132463	0.04108008994413969	0.0011769769851369563	-0.3415916033133703	2.4759892967988613	-0.7061038483895252
0.9500000000000001	0.19999999999999998	300	1.570793185202243	0.0017573033065092993	0.08100547539414883	0.0024993036633806976	0.2823531541231125	2.54191785104765	-0.5966021505903218	0.001840672550799617	0.05884792676336647	0.0016304805167823512	-0.17431266215345273	-0.6009837101807507	2.4732643626847084
0.9500000000000001	0.24999999999999997	300	1.570793185202243	0.004079295834077953	0.09812702511230728	0.0037025212008309325	0.07176675665128268	2.7804060612682107	-0.27983393331099965	0.000830552473290455	0.07704103384463909	0.0025830579968540743	0.07257458108123864	-0.3673069292293544	2.8820198450810115
0.9500000000000001	0.3	300	1.570793185202243	0.004204223801784528	0.11453339802397997	0.003837368171230733	-0.34560021402404995	4.550024096777521	1.037760334298758	0.0008091914741870683	0.09508980291072333	0.0028971337892513454	-0.1836169351900457	1.4036363560562042	4.181418119551852
0.9500000000000001	0.35	300	1.570793185202243	0.002257752331705017	0.1308440542556891	0.003898829256295374	-0.8680002466349392	2.954419086676306	-0.66352373237698	0.001960603110405978	0.11355819884272628	0.003152349212100627	0.05687395801334495	-0.18131001611432215	2.4856626411472122
0.9500000000000001	0.39999999999999997	300	1.570793185202243	0.0018678381511841224	0.14769939251957032	0.004974004979327225	-0.789276307638919	4.02913561168509	0.921977057292582	0.0023986343662583316	0.1323234022336566	0.004289903306727645	0.6165278345280247	0.8878677030195655	4.0640855534635145
0.9500000000000001	0.44999999999999996	300	1.570793185202243	0.006370258389305321	0.16436341693588175	0.0075695438084678835	-1.0774481749099367	4.074477781097666	0.32888459757164207	0.002481081650231983	0.15164455441891828	0.0067052531604363886	0.7096675480729543	0.9300737203348797	3.4833198896973356
0.9500000000000001	0.49999999999999994	300	1.570793185202243	0.0025732818822258737	0.1793113997392144	0.0059701597768474475	-1.0437472854492111	3.624925929815258	0.28591859532775543	0.002609096180673293	0.16998131373906178	0.005560338571227881	0.5425676227406682	0.48402166852115425	3.423225384213372
0.9500000000000001	0.5499999999999999	300	1.570793185202243	0.006571471512068687	0.19229037216967412	0.007535778560587044	0.16595705061845753	1.1427042452160374	4.388877046204978	0.001953255298092506	0.18690072058979418	0.007163524946605359	3.5073486444293245	4.279672062162529	1.2694976462343837
0.9500000000000001	0.6	300	1.570793185202243	0.00525012388262718	0.21528311001091865	0.017275325154809184	-0.6721474973491915	3.3414450561784963	0.05501879957328433	0.006211002461415358	0.21443644802128872	0.017016381302227542	0.2702845641751212	0.19664043061661227	3.20668697333514
0.9500000000000001	0.6499999999999999	300	1.570793185202243	0.005276487355915669	0.2110421098041712	0.0035350067563422634	2.5358699240808362	0.333391366906641	-0.5582895318056464	0.003395588570566342	0.21528968889595437	0.003616223546831996	0.16559077911575304	3.472278549118881	2.37967547110571
0.9500000000000001	0.7	300	1.570793185202243	0.012273293059166421	0.23714555331091003	0.014393049393740892	-1.1664809348312124	4.1739275303115555	0.13111053257793145	0.0043024938272822714	0.2494768930396263	0.015046955946941174	1.6296854079720764	1.0280335262893034	3.2751155359581077
0.9500000000000001	0.7499999999999999	300	1.570793185202243	0.0018358306800863855	0.23900927443725056	0.0040341130219585155	-0.7325272643449017	0.5765043515521611	3.5916090725329655	0.0006746482219997825	0.25988452603806494	0.0038009502868406944	2.9575617528872566	3.7210243367559377	0.5327913788929803
0.9500000000000001	0.7999999999999999	300	1.570793185202243	0.005431873661717935	0.2459376485636537	0.0017725606530477746	3.5738868742426373	-0.4627190974940888	-0.10533656624359555	0.0044726531803931345	0.2757115097657624	0.002042602369902301	-0.056840659197607266	2.6800673285544834	3.467166355400412
0.9500000000000001	0.85	300	1.570793185202243	0.007142706101165364	0.2615071703268184	0.007298846410972032	0.9166092212047388	1.2839729685680403	-1.015669831899857	0.0026163991154467925	0.3084787675974281	0.008617836565886793	4.373973905284663	4.428304824553377	2.0596247350235144
0.9500000000000001	0.8999999999999999	300	1.570793185202243	0	0	0	0	0	0	0	0	0	0	0	0
0.9500000000000001	0.95	300	1.570793185202243	0	0	0	0	0	0	0	0	0	0	0	0
1.0	0.0	300	1.570793185202243	0.0018678239918334756	0.01179939702007676	0.000498396941934681	-0.14094685369496673	4.080740786246135	0.8046954810627177	0.0018062707641101753	0.011801646526389702	0.00049893743530346	-0.13734449429055828	4.07863198017249	0.8297399073668101
1.0	0.049999999999999996	300	1.570793185202243	0.001579449263840753	0.028726947323143383	0.0007965487924544015	0.023280150455680347	3.802342079649485	0.7152261655245272	0.0014080344498311535	0.005382812983021396	1.1649871224843165e-05	0.11433907717406307	0.6573056957713467	2.960626076965034
1.0	0.09999999999999999	300	1.570793185202243	0.0017180770296385329	0.045451508362281415	0.0013680495893445663	0.11730452586739733	-0.06424196570870729	3.110976444417725	0.0013213688226497765	0.02263093155595616	0.00043490445576483886	0.06199296071951522	3.0842963279091014	-0.06189828495911446
1.0	0.15	300	1.570793185202243	0.002628324642942131	0.06269112931028185	0.0021511873830945996	-0.01581794161791534	0.9893026479175161	3.9139649250942465	0.001373398710274489	0.040110803120309846	0.0011278049753708785	-0.452472383955342	4.124597676025561	0.7879510209130702
1.0	0.19999999999999998	300	1.570793185202243	0.003023914448059696	0.07931918211304113	0.002850209710294487	-0.465146528302131	3.6955773015265057	0.2470692181709979	0.0017585792771255457	0.05775083574729185	0.0017381167309555798	0.03919469101851104	0.5575097969084929	3.4057243542324396
1.0	0.24999999999999997	300	1.570793185202243	0.0007550409260342328	0.09401226512308994	0.0018764792750707944	-0.35425411285203784	-0.41321517832436416	2.2028267478275962	0.001136999312578587	0.0740771498531361	0.0013136074116681146	-0.3671293587533256	2.7252357605346864	-0.7856300984117478
1.0	0.3	300	1.570793185202243	0.0016196230624952684	0.11039079346641752	0.0023437823549270135	0.5043991130151317	0.9073966541091426	4.209514067737315	0.00040201446125914564	0.09206577045408552	0.0016803369453286354	-0.5084528976672629	4.0508690221719466	1.1406184317167103
1.0	0.35	300	1.570793185202243	0.0035581717554778267	0.12892665249380902	0.005910519874225235	0.24949042351014195	2.821162913734753	-0.21004733829432315	0.0019710217133716225	0.11142608147666141	0.004742152078844594	-0.11253245970630545	-0.3274785266574693	2.9282422960293486
1.0	0.39999999999999997	300	1.570793185202243	0.00021012506976458365	0.14041958427700268	0.002353893906050934	0.5237502026684067	-0.6788853069389496	2.779316340456623	0.0014680749139455093	0.12588064553511194	0.0019866066969530475	-0.02897135508049962	2.463696633511055	-0.5421747476210252
1.0	0.44999999999999996	300	1.570793185202243	0.0016171922624866285	0.15628568785557587	0.003783184347699239	-0.12163897077468581	0.23536779488365742	2.8401611257024717	0.0015130707982506093	0.1440976406768333	0.003456398546842728	-0.53558937009151	3.371540426066906	-0.22595677771064757
1.0	0.49999999999999994	300	1.570793185202243	0.005345029370942812	0.1777434625946887	0.011432883753626333	-0.4552002912072571	3.71142419659546	0.47649494631712225	0.003927719388040369	0.16828822169079705	0.010588620212915689	0.49189506500106583	0.5719376909375055	3.6263754265137824
1.0	0.5499999999999999	300	1.570793185202243	0.0073416609154889935	0.18916705316750718	0.009720227465577975	-0.769826196157256	4.530909000391787	0.7816230269570124	0.0018469780297233306	0.18417097631571328	0.00923639419343653	1.5853088619308051	1.3942273061343649	3.933820914811592
1.0	0.6	300	1.570793185202243	0.0036154875712652453	0.1998996179473403	0.006511782418617703	-0.46244605676818645	-1.0690026751708872	1.7993844900936815	0.0011176394342283142	0.19978478803968056	0.006226401988228165	1.5685063797910586	2.077873285543857	-1.3082168146639417
1.0	0.6499999999999999	300	1.570793185202243	0.007018443457699137	0.22035173214593068	0.01342447400204879	-0.8923308045768071	3.4042130358323366	-0.15077071029051115	0.003961898932949127	0.22543304170146386	0.013522348066240733	0.615201604232831	0.2613557553721058	2.9912527635202206
1.0	0.7	300	1.570793185202243	0.0014818191690840145	0.2218323088862235	0.0027181946659727086	4.58706202624036	-1.1641984163139645	0.4730333801459312	0.0017471853123992758	0.23244734953974847	0.003051117792573122	-0.6304242324760244	1.9726021559230809	3.7829653013621005
1.0	0.7499999999999999	300	1.570793185202243	0.0040729582114390405	0.23538825674523947	0.004307821205616969	0.4314305711808861	1.2225508900877875	-1.5621968976338394	0.0010649269465004788	0.2550161972709806	0.004725634364278984	-1.5455110606155602	4.365859435089308	1.4796364265547164
1.0	0.7999999999999999	300	1.570793185202243	0.005721405438187164	0.24680898977322466	0.006198089303306437	0.42382978539618255	1.2663315515392333	4.695364437413729	0.0019196689733077192	0.27762877163184313	0.007110914695468809	4.365275430469813	4.4100055828456615	1.49633434106711
1.0	0.85	300	1.570793185202243	0.0024955873581162798	0.2487250290713258	0.0056712858207038684	2.1658397218519645	0.9146762743813045	-0.2935597324494731	0.002754776473157587	0.29181653253762285	0.006628362860094632	0.7005894692990777	4.05607391239195	2.73072846215661
1.0	0.8999999999999999	300	1.570793185202243	0	0	0	0	0	0	0	0	0	0	0	0
1.0	0.95	300	1.570793185202243	0	0	0	0	0	0	0	0	0	0	0	0
