M2	e1	P2	omega1	s1pp	s2pp	s3pp	ph1pp	ph2pp	ph3pp	s1sp	s2sp	s3sp	ph1sp	ph2sp	ph3sp
0.5	0.0	300	0.0	0.013521112918843059	0.06255301411947549	0.03149233933934878	0.9448672753924096	1.2059738156155826	1.9861794294517228	0.011761022318759952	0.06213790029024332	0.030621441856871316	0.5187001298822462	1.2316093587155907	1.728709551764681
0.5	0.049999999999999996	300	0.0	0.014376484504551687	0.06269322636453825	0.031666227332176826	1.4338183459197669	2.5226354561078	4.005714851558881	0.01381371297566154	0.06272104687763323	0.030938124671169347	1.3852379227815608	2.5312414508674146	3.702532477589972
0.5	0.09999999999999999	300	0.0	0.016700320547387234	0.0625588205049667	0.031063658034379556	1.0438285109316843	2.0228264907191775	3.2623162813660715	0.016540101256025834	0.06253933760772902	0.030117638756437814	1.2388690828524338	1.990504660560795	2.871242952553766
0.5	0.15	300	0.0	0.02056674349113148	0.062198392818017735	0.030870524605857333	-0.8929923614856992	4.545613781041415	3.91926549349367	0.020999026546481538	0.06177965593991913	0.02990566678405265	-0.6124555899155213	4.425251170138353	3.379566068317402
0.5	0.19999999999999998	300	0.0	0.028008147686357142	0.06100438392720717	0.030257979009001706	-1.3266099662888813	3.634718859195779	2.551461920253547	0.02802314949909586	0.060718789370238675	0.029504601133845038	-1.078046760282778	3.467100090243735	1.9443715284536418
0.5	0.24999999999999997	300	0.0	0.03394558839012585	0.058446918018189666	0.028266463013893545	0.5247943649447979	1.2380072044919652	2.083504493261995	0.03441168545204611	0.058279585210246995	0.0279305607317698	0.764862079464236	1.0116122808006367	1.373064071261412
0.5	0.3	300	0.0	0.04428070066463442	0.05801559867067947	0.027891918053596837	-0.5681588308494209	-1.2148239876118365	-1.542036537526201	0.04376495678851261	0.0575056199184027	0.027196472275915075	-0.4024611171400865	-1.4906901690147467	3.9804759793852966
0.5	0.35	300	0.0	0.05428155006567577	0.05730434283507188	0.02680357648679062	2.081713289290297	4.256644317789508	0.32376354499947235	0.05255917439468716	0.05568413141136491	0.025724471347311102	2.1873691347390425	3.937028579567278	-0.5401229250355365
0.5	0.39999999999999997	300	0.0	0.06690687392562918	0.055928812193341365	0.026074820930974005	4.468878739727471	2.4676236818144384	0.8744059217921091	0.06431001895783217	0.05314923360771464	0.023505284534191002	4.527444006148595	2.094117445026402	-0.05707085893954971
0.5	0.44999999999999996	300	0.0	0.07467996107218235	0.053677319964482446	0.0223224391931982	2.7206109028392516	-0.8355562384926097	2.0692033167554964	0.07162880004723216	0.050709837164715464	0.021319332410845954	2.7153083962415265	-1.266949306507747	1.0393084611829633
0.5	0.49999999999999994	300	0.0	0.09290076410396678	0.05252548342572935	0.022620310277171304	1.6651967931985177	3.298750057103674	-1.140543855772867	0.08928613976992812	0.048241264592409065	0.020213357955787034	1.620107720150121	2.8142244587916445	4.065504766887402
0.5	0.5499999999999999	300	0.0	0.1074567829827404	0.04999150025835706	0.020382876597350007	1.5770241539089824	3.0976513811273536	-1.4498012071151078	0.10191809941507025	0.04578443861721613	0.01834606188119465	1.5145567696513211	2.5975813071922014	3.6998862728259168
0.5	0.6	300	0.0	0.12390677311808525	0.04882251141700026	0.019530377105621773	1.2735576868103389	2.4849143308574293	3.880816230638187	0.11748437695550622	0.04315362332145748	0.016881946552112247	1.1835569363147922	1.9511861008907987	2.709540057458431
0.5	0.6499999999999999	300	0.0	0.1297072348877657	0.04380939328960568	0.01599195060348749	2.2768480013279984	4.483308064914251	0.6020324552881162	0.12282877505707666	0.037836976181209625	0.012846034321903349	2.137111572591621	3.8698854285434656	-0.6904682938163573
0.5	0.7	300	0.0	0.13776128170794094	0.04110636850658963	0.01272215080639724	2.9715527841694858	-0.43900696480991214	2.540815514880071	0.1287354485638184	0.03332430769835235	0.010547422001281918	2.810339057570998	-1.0494993789047127	1.206036656666131
0.5	0.7499999999999999	300	0.0	0.17408275165676199	0.04210989300930434	0.014102840372544612	0.5813924126252538	1.1156682280821675	1.8525080609048243	0.1681154996702512	0.038407559954212064	0.012071587665235466	0.47874531779595386	0.669946895768661	0.8480848802350499
0.5	0.7999999999999999	300	0.0	0.17597258979164232	0.03574285331389807	0.011005477794051165	-1.481332025813295	3.0948168296926144	1.6449833681076298	0.16211187990563503	0.02671938798527316	0.006224056267372089	4.659783848153516	2.610259926626898	0.5627963185535639
0.5	0.85	300	0.0	0.18939235933480697	0.033946864245583165	0.009509081524187122	-1.3666376659402866	3.3589244754482426	1.9994563603848403	0.176156332500831	0.025977702093683875	0.005193753909004505	-1.4938931339174402	2.996907776088482	1.2069260703071396
0.5	0.8999999999999999	300	0.0	0	0	0	0	0	0	0	0	0	0	0	0
0.5	0.95	300	0.0	0	0	0	0	0	0	0	0	0	0	0	0
0.5	0.0	300	0.41887902047863906	0.012848247624671877	0.061802336513340585	0.030688016862606343	1.9274378577781903	3.7919283565205277	-0.39715094234955967	0.014071694112744821	0.062354048521867475	0.031186510686622107	1.575525821905277	3.8106332418943705	-0.6572120583324497
0.5	0.049999999999999996	300	0.41887902047863906	0.018394331655429363	0.06176803765374599	0.029625007878365722	0.783792400061756	1.6575321932464748	2.698712399854586	0.008866929011034141	0.06346096797319506	0.031502318932328265	0.617528024790762	1.6499765087093288	2.3753444650211617
0.5	0.09999999999999999	300	0.41887902047863906	0.02591960055256113	0.060461415931779776	0.029178312314615353	1.722227849050715	3.6713576958070933	-0.573743180288152	0.006637928248152396	0.0628830750620623	0.03205114214835284	1.6280056969871985	3.611745223735659	-0.9677311481028645
0.5	0.15	300	0.41887902047863906	0.03241071013242862	0.0592145347122522	0.026633406067350623	2.9599806706345366	-0.19105429464406395	3.069409748443372	0.005943464968154117	0.06308523889545647	0.030498555427390377	3.2392437360631616	-0.2862289756815582	2.6092109303886155
0.5	0.19999999999999998	300	0.41887902047863906	0.042298266441717115	0.05835294197359916	0.026600582992970932	3.951265510576449	1.635469671495589	-0.4026473795987108	0.007696395479562849	0.06286282092156104	0.031046723619164426	4.423891535921126	1.503712241611475	-0.9577795097911531
0.5	0.24999999999999997	300	0.41887902047863906	0.055992390771838665	0.055849643744075056	0.026077549809059967	-0.06692371747304268	-0.0646009582890231	0.16491448675160805	0.01069102939285089	0.060037128192898956	0.031315583257068756	0.46438195656648895	-0.19896592889952805	-0.35071722284370505
0.5	0.3	300	0.41887902047863906	0.06091996969231667	0.055135239002886846	0.022757993976571002	2.6243695519585044	-0.9047522310192105	1.9814038064467514	0.01408118721107532	0.061630085788959316	0.029485179199665455	2.880209995193019	-1.121803208525944	1.353106848533129
0.5	0.35	300	0.41887902047863906	0.07646591499552469	0.05387532617043325	0.02354697829952004	-0.797185530873723	4.640352881850343	4.092102189378998	0.022301838321395824	0.06082630694187618	0.029891338651848384	-0.5261152757502093	4.399356642550282	3.4171682377002828
0.5	0.39999999999999997	300	0.41887902047863906	0.0887894864425365	0.051172956974848166	0.02193334469672838	-0.40030555694450476	-0.9510895385921235	-1.146349195897053	0.031023739095260048	0.05863254871151422	0.029538134677916897	-0.22762071066436734	-1.2780892615355752	4.392021578193393
0.5	0.44999999999999996	300	0.41887902047863906	0.1078701749544877	0.05133919382350188	0.021300233956461623	-0.04356947713006584	-0.15046719615193357	0.04525540175212686	0.04309146549664871	0.05563280206253524	0.0279245212453349	0.13154317718025504	-0.38710698923324266	-0.5836556862707212
0.5	0.49999999999999994	300	0.41887902047863906	0.10541282040601418	0.04832431641601899	0.016604147587503653	3.7927556193530996	1.1168431864727395	-1.0980781567338467	0.04798566573480147	0.05511909856615967	0.023409670177694897	3.8183520215232383	0.7614341533325266	4.248812320196046
0.5	0.5499999999999999	300	0.41887902047863906	0.11653618351938867	0.044410703298816155	0.015790643272941378	2.7005224634571	-0.9114650351758866	1.9356780875906006	0.061113702081817455	0.051458983104101935	0.022997446279021738	2.6739310381753008	-1.32580278838293	1.0665170571297702
0.5	0.6	300	0.41887902047863906	0.14832888737323363	0.046008145906023326	0.017062144990191357	-0.19966428723923788	-0.5938631386766676	-0.6585742137077482	0.0871964538338027	0.047076470383249476	0.021797020163499145	-0.20896552900349505	-1.1039328575851697	4.615316889336535
0.5	0.6499999999999999	300	0.41887902047863906	0.16317772510448597	0.0452652112101756	0.016267398146659385	0.2788547776409854	0.45612900196343964	0.8803889487039515	0.10782075837238157	0.04683375737066904	0.020761775134760307	0.24714337548728246	0.01918840398396807	-0.008315889010276323
0.5	0.7	300	0.41887902047863906	0.1454298060021421	0.03736600075080302	0.010022185662493101	3.0860392379950428	-0.2026178671531394	2.8604242476198216	0.10203297959133252	0.03875978720726276	0.014923519850471354	2.9572372164428122	-0.8266986901704828	1.7056471471375927
0.5	0.7499999999999999	300	0.41887902047863906	0.1615220910167387	0.03512359192285902	0.0101586781058855	4.207820659228972	1.8467208830021873	-0.016317662329623287	0.12012434746473628	0.034254897887730056	0.01020772909644954	4.071344246359157	1.1729971523599065	-1.3850143172493323
0.5	0.7999999999999999	300	0.41887902047863906	0.18312828230637207	0.03464273658070066	0.00934185872055037	-1.2362749112859355	3.620651480681361	2.4014912301250604	0.14633100514638767	0.028847931005494286	0.008810228462564485	-1.373990669910605	2.9559819023217675	1.094812687440185
0.5	0.85	300	0.41887902047863906	0.20609679354187577	0.03771047860027344	0.009624360132453911	-0.6713285856426217	-1.4702908636249614	4.155850680789181	0.1767445766029545	0.029256571745860913	0.007142860599747808	-0.7920221686263502	4.3359014163912475	3.0459998420726833
0.5	0.8999999999999999	300	0.41887902047863906	0	0	0	0	0	0	0.16361290441815943	0.022464688174814677	0.0047258645845056745	2.5112572692518107	-1.4275469203085442	0.6870370360602763
0.5	0.95	300	0.41887902047863906	0	0	0	0	0	0	0	0	0	0	0	0
0.5	0.0	300	0.8377580409572781	0.013406611829619889	0.0615142706838866	0.02861983497640688	1.3079263535213013	2.6702024924096257	4.216087745391738	0.014721470837579537	0.06174810910719872	0.03046141998308739	1.036487923923945	2.671466608776142	3.979422482033535
0.5	0.049999999999999996	300	0.8377580409572781	0.022229614840159062	0.05984118567588022	0.026792020041246888	2.310005852448661	-1.4415079731607334	1.1480172580567787	0.006294965411661204	0.06228013488673772	0.0305764164066395	1.7844999754802509	-1.452017660320222	0.8905372478692646
0.5	0.09999999999999999	300	0.8377580409572781	0.03310469740221816	0.05881027399146967	0.02651419483110279	1.6646694291222466	3.5099589434932064	-0.8302344165160845	0.0038618103710451658	0.06310016179463668	0.03245056744718947	-0.5388197163278369	3.479053830287186	-1.116925254543422
0.5	0.15	300	0.8377580409572781	0.04157064219334457	0.05731618641590179	0.024304196463690027	3.611942557241439	0.9483639327004578	-1.4700204688580831	0.007984095729029122	0.06386464984026115	0.031985473807998946	0.5924820661804027	0.916620514492203	4.485461661181983
0.5	0.19999999999999998	300	0.8377580409572781	0.05318389287652079	0.05597233477679197	0.02386688475349724	0.7087240678842839	1.513470908552146	2.4652269837608056	0.014526444627505323	0.06502743719055262	0.0332959928177531	3.9385265605841844	1.4715967085086392	2.146738095589536
0.5	0.24999999999999997	300	0.8377580409572781	0.0650309765604228	0.05265861731289487	0.02167956585960885	0.3702534684686139	0.8584191878595792	1.4942909225925454	0.019073417062059443	0.06355269349710113	0.03394456215680917	3.566435828692618	0.7871696403653752	1.1248329047515386
0.5	0.3	300	0.8377580409572781	0.07318258679958828	0.052935963224156966	0.02017539496262944	3.810159803143649	1.2342629733654071	-0.9894543265499312	0.018710555200388532	0.06540781715358214	0.033147519364877656	0.6191965277900648	1.1345987559726094	-1.4417802726490174
0.5	0.35	300	0.8377580409572781	0.09004195595975568	0.05157690833424659	0.019883379423749157	1.2408352948364634	2.469442218230383	3.8978966111294886	0.02067946396591832	0.0656673011638735	0.03407966677200324	4.4460805108430215	2.3956798708528324	3.589082084502743
0.5	0.39999999999999997	300	0.8377580409572781	0.10060888773890782	0.04967419754373021	0.018971357977043583	0.8522685081198919	1.679636710705373	2.696523490917517	0.019277331619259836	0.0653123741886627	0.03404462796983396	4.03879243534744	1.5811304634613603	2.3783653816129156
0.5	0.44999999999999996	300	0.8377580409572781	0.11309431018283608	0.04816369731067196	0.01820639662621136	-0.809569701822253	4.50062508624334	3.8585682677922604	0.01549979163490742	0.06452717548445244	0.03319824344005415	2.2459247677501857	4.334764808838814	3.441084531559323
0.5	0.49999999999999994	300	0.8377580409572781	0.11706404919119973	0.0451114832087654	0.014744796856155278	4.229992035119373	1.925413317639366	0.11070862015763379	0.008915184771047182	0.06385346864571764	0.03087019061294585	1.1788318602822057	1.734023136001751	-0.4198340343839709
0.5	0.5499999999999999	300	0.8377580409572781	0.12745189819838734	0.041792612822813324	0.013335880036016098	2.186391479479226	4.328726371231539	0.34896113904644827	0.005563854393343418	0.0625384615880258	0.030467261361356336	0.6171543114355709	4.168073872578672	0.00938771154400617
0.5	0.6	300	0.8377580409572781	0.14475035866121708	0.040636271472142896	0.012515175077573736	0.7221877409357591	1.3787376627462355	2.235985173426852	0.013486939106264955	0.05962713945754788	0.029902710602366406	0.35320718665442885	1.2196382305218665	1.8947414693028148
0.5	0.6499999999999999	300	0.8377580409572781	0.1467185125187487	0.037755025400710886	0.010655588083640864	2.1373315924680845	4.181252158590638	0.13241465300042746	0.027364140305964936	0.05798018932854954	0.02719283419306426	1.8362740440897682	3.9577512559064307	-0.2750568500516905
0.5	0.7	300	0.8377580409572781	0.15157209135323763	0.03498208588613663	0.009484541142968223	2.5063443514802146	-1.3410348601770972	1.1606881136064324	0.04316643829613562	0.054251166208806476	0.024554903495223202	2.2674708079571606	4.603592376284478	0.7037922245303202
0.5	0.7499999999999999	300	0.8377580409572781	0.15699210522636622	0.032576595782719465	0.007949552018638624	2.897373751077123	-0.5742067866269782	2.2238056255938146	0.06084456337397321	0.04874536789824847	0.021191148847741734	2.679855471045825	-1.0641653609153703	1.6164522093157392
0.5	0.7999999999999999	300	0.8377580409572781	0.21309946255598572	0.04374731842828837	0.011189237872719462	0.02826871497675279	-0.018144135250783826	0.060611676500184467	0.10997268278565661	0.04492963283292312	0.020725285993580225	-0.09111529956608616	-0.6251909596953114	-0.9021534656336467
0.5	0.85	300	0.8377580409572781	0.19728315327926507	0.03309823474525036	0.008137716225687446	-1.13405352021452	3.849743075603582	2.7215466574921847	0.11979907321516065	0.032473367792492866	0.01224061944529656	-1.3212099170590814	2.9244867215683668	1.34918637891899
0.5	0.8999999999999999	300	0.8377580409572781	0	0	0	0	0	0	0.18609354538037048	0.03828328289505659	0.011824767953683084	-0.11150330264475376	-0.4894974525890313	-0.980372050958988
0.5	0.95	300	0.8377580409572781	0	0	0	0	0	0	0	0	0	0	0	0
0.5	0.0	300	1.2566370614359172	0.013328079599330401	0.059746425535242155	0.026227306164896956	-0.38913072273051735	-1.034569938592662	-1.3888735557695293	0.014728009147091157	0.06018145292854138	0.029995153199262468	-0.5217823735095795	-1.0289819825034419	-1.4958051914236206
0.5	0.049999999999999996	300	1.2566370614359172	0.02561222165909704	0.05903771675898726	0.02527265996608534	4.687998617129414	2.9994831835991285	1.4915006810153641	0.0028087538463383724	0.06126789090969999	0.031015844471816708	4.5169520921755675	2.994318239460496	1.3564646907225586
0.5	0.09999999999999999	300	1.2566370614359172	0.037390539724399645	0.05784732127042071	0.02395320094404045	1.3923423413524785	2.743373562019577	4.254391891028857	0.0088738176517359	0.0626871409078344	0.03220495633580004	4.691107620409785	2.727620834446244	4.111159567687994
0.5	0.15	300	1.2566370614359172	0.045935880924575116	0.05571065231180908	0.02126440176533199	2.9029235424360844	-0.4719746656195034	2.534961702371836	0.017890190206887462	0.06340602840752822	0.03214856770674352	-0.1759468883875186	-0.47583668722538836	2.4338085981290885
0.5	0.19999999999999998	300	1.2566370614359172	0.05976981747084568	0.053751442317037365	0.021706879720406278	0.5020046064775395	1.013615274701523	1.6419298916864107	0.030872683866777096	0.06390426351290189	0.03434364705379814	3.7121578697742037	1.0268060891331585	1.5281399841798695
0.5	0.24999999999999997	300	1.2566370614359172	0.07273806649715966	0.05293002923507484	0.01998383703982996	1.3773380050439925	2.7016805803112978	4.188872440054835	0.04068133313174691	0.06598384012030155	0.03529270889619948	4.58091961797806	2.6915575890012984	4.082276469462177
0.5	0.3	300	1.2566370614359172	0.07850571128214455	0.05140131823481554	0.016929117570408974	3.781370784485544	1.1090355703120438	-1.2648928152360577	0.04608586851855616	0.06705571558906373	0.03532320159394577	0.6423263115658338	1.0987745356327174	-1.4267686048615187
0.5	0.35	300	1.2566370614359172	0.0924644791072315	0.04884625714453458	0.017643239661723795	-0.8777365051726111	4.340497002507806	3.530536011648683	0.05750879749093336	0.06887703236511543	0.03624909615265463	2.267144574686048	4.365169449787597	3.507665912300834
0.5	0.39999999999999997	300	1.2566370614359172	0.10344632201365062	0.0458605986598101	0.015236476876650721	0.6680978777909781	1.2663408964391043	2.0249524663419987	0.06751609495323481	0.06859117010819932	0.037417405392906666	3.8996799303661573	1.2593384665691496	1.9484770003584582
0.5	0.44999999999999996	300	1.2566370614359172	0.10864286146259078	0.04469599198860906	0.013783168946846083	2.578095399773339	-1.194647161293534	1.3649916919195584	0.06937634733310286	0.07209070030076435	0.036253493698862084	-0.46292228371470645	-1.217465197032706	1.4076701079770326
0.5	0.49999999999999994	300	1.2566370614359172	0.11940522725940662	0.04249034822293016	0.01278376007452919	3.9164202805344877	1.2524606156913758	-0.9588513385267625	0.07276375844637313	0.07177798577970436	0.037480194697961926	0.8566440116920346	1.2233710571206755	-1.1030491810175291
0.5	0.5499999999999999	300	1.2566370614359172	0.14080872663290653	0.04212352166786296	0.01291056738496713	0.524956855205099	0.9216365571935524	1.471397129858115	0.08731235756798324	0.06963050370193453	0.0399757007377154	3.7775940219956836	0.8438103469447903	1.4209603587565647
0.5	0.6	300	1.2566370614359172	0.1476165433797026	0.03946832642251474	0.011280186122983005	-1.2389234970339946	3.540134047137213	2.3476650379137762	0.08694952269939482	0.07446312112410429	0.03878867565737338	2.0437322148646624	3.3554299510515495	2.2558214430083257
0.5	0.6499999999999999	300	1.2566370614359172	0.17435316319740812	0.04329301401530922	0.012873088146006557	-0.010353444206740755	-0.1987552609153464	-0.16665060265462323	0.09594594016033527	0.06783941388351819	0.04076213375144431	3.303638395625224	-0.42935623514954013	-0.2522148819479153
0.5	0.7	300	1.2566370614359172	0.15960987147643665	0.03392149736348877	0.009379911337967445	4.441913760360189	2.278799318410301	0.49031638136871236	0.08082094869630146	0.07558178090280208	0.03738218362987666	1.5947905794143473	2.0197459797948394	0.32774500160820463
0.5	0.7499999999999999	300	1.2566370614359172	0.18050128665151507	0.03547738674199541	0.009113544443468496	-0.9330781739383339	4.1978786480358155	3.272148191104178	0.08377691735905564	0.07538212062119871	0.03789900446672036	2.562178020108668	3.7645686411305777	3.0769173025387957
0.5	0.7999999999999999	300	1.2566370614359172	0.18632260550694535	0.0351609747072932	0.008220097640921733	1.0078040422903516	1.927846296683923	2.8168947332392062	0.07113518837443067	0.07286393507930854	0.037141514276090304	-1.4535022221545906	1.7614398686746882	3.0029320535003343
0.5	0.85	300	1.2566370614359172	0.1869009661366553	0.029891849987770086	0.00715497936066058	-1.4989969132404455	3.065634281042549	1.605528557122689	0.06123372691475623	0.07320856294521184	0.03310627373869306	2.4726156320564256	2.4397348716110447	1.187226850498904
0.5	0.8999999999999999	300	1.2566370614359172	0.1858758351751654	0.02821584823696967	0.00540956853883294	1.905233922730396	3.7472784047709755	-0.6737762650551403	0.062043794953837814	0.065884629470468	0.02764079022523048	0.6083108463636663	3.4748278544286326	-0.6118672026610256
0.5	0.95	300	1.2566370614359172	0	0	0	0	0	0	0	0	0	0	0	0
0.5	0.0	300	1.6755160819145563	0.015040088052630409	0.05932571090649052	0.029636475852462128	-1.5283545643614964	2.6032740737258027	0.8304297342930108	0.014179290801418477	0.060035828392130744	0.025731765363099197	-1.564488807028461	2.611768367201825	0.8218522692569783
0.5	0.049999999999999996	300	1.6755160819145563	0.025556830276030142	0.05812533007207328	0.026898391165151966	3.3718744464696018	0.15050572545734242	3.4104441269334957	0.0029689496442510716	0.061197763592071526	0.025707160291308116	3.9945232272252267	0.1567692765640113	3.4167503141203226
0.5	0.09999999999999999	300	1.6755160819145563	0.03989962601428562	0.057251998065751805	0.027144347936813387	-1.3274228247109376	3.344334307812882	1.9216038910960582	0.010606456792702916	0.06278712962632746	0.02824673748954578	1.5079858471515413	3.3616652137209497	1.9331446178436023
0.5	0.15	300	1.6755160819145563	0.05225047869790336	0.05617312424404445	0.02603342215365992	-1.1397384449260166	3.755624898717585	2.5397035505203633	0.022250881384866368	0.06428438744650435	0.029183238900223445	1.862370682149946	3.801594220342982	2.6009235915883404
0.5	0.19999999999999998	300	1.6755160819145563	0.05992008472204718	0.05459531594619613	0.022703024804406998	3.4707233027599664	0.4163862395106497	3.7952429577808826	0.03140010381328939	0.06492167131754359	0.029654932729564817	0.2647983302410745	0.4304461184582294	3.865177014862968
0.5	0.24999999999999997	300	1.6755160819145563	0.0715106708340756	0.05239713549820082	0.022207642403635496	2.839224652738999	-0.7571709125058831	1.9975444938190774	0.04317267776368505	0.06624742760156725	0.03046646696515222	-0.30932085600847886	-0.7491281660720286	2.1129076034334417
0.5	0.3	300	1.6755160819145563	0.08896788684463929	0.05228436551767614	0.021923603898411397	-1.3791332231378512	3.2597106721574636	1.8014644377707414	0.05838406202154323	0.06730099011509669	0.032463881562242385	1.7262263322724847	3.2833742193847426	1.9031138971061585
0.5	0.35	300	1.6755160819145563	0.10031169093379641	0.05067611966580099	0.020466193417538033	-1.52834819574817	2.939129927499435	1.3259534639100439	0.07001982415357694	0.06917629646787465	0.03379437176392524	1.615217126535197	2.9394544945094983	1.4534227957214965
0.5	0.39999999999999997	300	1.6755160819145563	0.11636017260388441	0.050257011362485934	0.020424970361156054	-0.30107854379650306	-0.8862321725786756	-1.2669002370869564	0.08371075854928275	0.06687994595657355	0.035339052897650096	2.8821399820779883	-0.8629833990070795	-1.0566161211421623
0.5	0.44999999999999996	300	1.6755160819145563	0.12206871693945699	0.04774369330718766	0.018946752694111682	-0.8784791538203827	4.210899277988844	3.221784545730394	0.09204196526095078	0.07100080891350716	0.03511235451969463	2.3090126105732143	4.2233205242704015	3.4480013037119344
0.5	0.49999999999999994	300	1.6755160819145563	0.1290926336384849	0.04516201849211972	0.01627267739523287	2.1583329196242884	4.147567198704248	-0.07520257852280784	0.09971274910562872	0.07352630588374773	0.03472976674250763	-0.8576969005233821	4.172669012389818	0.177105120132595
0.5	0.5499999999999999	300	1.6755160819145563	0.13330789412804647	0.04358767366145483	0.01422330645796279	2.7920703733693903	-0.8704332943155731	1.7086962268912484	0.1058655867909203	0.07578414466959198	0.03473097400198203	-0.20041983997139018	-0.8884979641114191	2.0697180353456046
0.5	0.6	300	1.6755160819145563	0.14500662627415528	0.04140327629210022	0.013049273235188192	3.9031762041537803	1.1550614977942009	-1.2583378073161777	0.11309126109938959	0.07558792811471476	0.037008480256378186	0.9160814664533448	1.1138680869147155	-1.0814921460450955
0.5	0.6499999999999999	300	1.6755160819145563	0.16288500986540777	0.04010070782394469	0.012596450002404766	-1.5417356679331236	2.8783331175647833	1.1868316607840241	0.13001245721499982	0.07835166115703156	0.037713076892216736	1.7816131069128833	2.6997135617703645	1.398752054056881
0.5	0.7	300	1.6755160819145563	0.16007813941367086	0.0380411575671382	0.010858216765455909	2.5524570749905786	-1.3151233204666966	0.994091517537084	0.1334487818159456	0.08081008451984491	0.0369240361754796	-0.3207611807839101	-1.3967182489350733	1.4036857356785784
0.5	0.7499999999999999	300	1.6755160819145563	0.18409202146981282	0.03929795674980209	0.010942577185573215	0.8869672985656611	1.6565811799355599	2.463641148154891	0.15732167831340055	0.07613506620005608	0.042080740924921374	4.328888109585612	1.5267805208416616	2.6923900581111004
0.5	0.7999999999999999	300	1.6755160819145563	0.20847276458477593	0.04202789570768718	0.011223817018268557	-0.44034060231788036	-1.0670671661682352	4.653536454897059	0.17169376405146583	0.08154926342042858	0.04339130610547349	2.9834039704563096	4.624084654782927	4.637873540566869
0.5	0.85	300	1.6755160819145563	0.19564163120153785	0.03627209299067978	0.00878278058158278	1.5121361177322301	2.915749563526084	4.289816766355139	0.16794570117096871	0.08200882771548516	0.04107632516887251	-1.1467940443128521	2.7849016336909775	4.649661092005098
0.5	0.8999999999999999	300	1.6755160819145563	0	0	0	0	0	0	0	0	0	0	0	0
0.5	0.95	300	1.6755160819145563	0	0	0	0	0	0	0	0	0	0	0	0
0.5	0.0	300	2.0943951023931953	0.016235281082643285	0.06021789080639248	0.030456687962784394	-1.1880415566017997	2.836841768442791	1.2255016304192046	0.014509791409103561	0.060489121364278454	0.02721787142129771	-1.3241894018956422	2.8409242269592183	1.0578188593880353
0.5	0.049999999999999996	300	2.0943951023931953	0.0267737155233579	0.05902323099204252	0.029096813976626272	-1.3721498864619976	2.7839979637841	1.1343116619809044	0.004188790501920345	0.061972916525350516	0.028372248165393927	-0.8978621210564217	2.812206750811562	1.0330418752167967
0.5	0.09999999999999999	300	2.0943951023931953	0.03725995912433242	0.05816805057589631	0.027925850422331172	-0.9670870728473387	3.766686668961742	2.585245819254867	0.0069801816285404	0.06342931565208461	0.02938853835536405	1.737875166490302	3.7773185878695656	2.4700426178233537
0.5	0.15	300	2.0943951023931953	0.04763337188911311	0.05582346648481129	0.026154196139530274	2.3140378647552415	4.21302735240737	0.09147118876055894	0.0162118388175845	0.064034673531595	0.02994884078962491	-0.8597886505675107	4.251087731801491	0.036484011999695067
0.5	0.19999999999999998	300	2.0943951023931953	0.062425256881502036	0.05416577482180903	0.02548622803297356	0.1767462414535512	-0.0806161216888185	-0.06439217577014471	0.026149875477492632	0.06175997577134091	0.031715372268480264	3.3092815473159947	-0.029034268609252425	-0.03786265087128755
0.5	0.24999999999999997	300	2.0943951023931953	0.06773465580833463	0.0534252107381788	0.022024648530568673	3.2685366268115605	-0.18352240733564243	2.8671039455875595	0.030200868143794145	0.06540116766244553	0.030760245086646057	0.21778850015900902	-0.14094746703514316	2.9505291668393276
0.5	0.3	300	2.0943951023931953	0.08372702921591099	0.052037919107202804	0.022444412850552164	0.9222890709138833	1.4300540051026267	2.1566626775643156	0.04020279603398541	0.06674789830177506	0.03278838197840512	4.228777487516735	1.483719425059673	2.2586935230232523
0.5	0.35	300	2.0943951023931953	0.09519455570889544	0.050267900260113324	0.02114737341505512	0.8921380921340258	1.4037756600574338	2.1201219784762175	0.046372159715343975	0.06715827103729688	0.03347385862265208	4.281370212355161	1.460355686131694	2.2550939547997495
0.5	0.39999999999999997	300	2.0943951023931953	0.1013800082255536	0.04867512238395515	0.018771132301041184	2.8348956211813032	-0.9564559663363336	1.6279859031496968	0.047097188235843676	0.06723768672243882	0.03238444708603051	0.046710483183669695	-0.9092203824272915	1.8981839837860348
0.5	0.44999999999999996	300	2.0943951023931953	0.12189337083521992	0.04712952252170148	0.01835826288731161	-1.306557861000799	3.1937184204080307	1.6663164894185045	0.05451805225033005	0.0680581905686759	0.033892532753080754	2.1772925657798905	3.1978789186668743	1.8841340722139996
0.5	0.49999999999999994	300	2.0943951023931953	0.12423050822623012	0.04443447223517258	0.016407131540713965	2.6042553219228504	-1.3854863864760438	0.9919272255160512	0.05420628072674346	0.06906571908446738	0.03160632482622735	0.027983676980770183	-1.3158808438284395	1.3442575474089293
0.5	0.5499999999999999	300	2.0943951023931953	0.1415292446590692	0.044002494908681467	0.015347320622696434	0.7978575372138567	1.3170369371312902	1.9312461392066302	0.06106158133331873	0.06628762882486666	0.03329389140453856	4.640076466471376	1.3747192701784217	2.2793647344786594
0.5	0.6	300	2.0943951023931953	0.14659455157196952	0.0412709773051352	0.013623467149478985	2.2439592943265123	4.208020293126766	-0.04281340817140012	0.05711393576855943	0.06848292913336736	0.031285220837661616	-0.0029671265874614263	4.293352005639154	0.40028304203354287
0.5	0.6499999999999999	300	2.0943951023931953	0.15724693936207612	0.04020141935863328	0.012211973844347671	2.083533334467866	3.8960222861949507	-0.5332443249421089	0.058555854777555746	0.06722511234902384	0.030785318902810676	0.06154496733061318	4.002260588250771	-0.0010158099668675785
0.5	0.7	300	2.0943951023931953	0.18640787661475575	0.04525117102409295	0.014453910309190385	0.42330162878301913	0.6542258229127376	0.9695817214140063	0.06241919524504536	0.06190726978644381	0.031240045186839472	-1.3151610801278595	0.6356683427007104	1.3559105365032842
0.5	0.7499999999999999	300	2.0943951023931953	0.16719611391362713	0.036656340025662086	0.007567691508011296	3.8334213969013824	1.043189203610884	-1.5688045994904953	0.06117885365392716	0.06459618897396575	0.025709464423724994	2.319917311145875	0.9346818264447048	-1.2184927425635805
0.5	0.7999999999999999	300	2.0943951023931953	0.21997568480181223	0.047139927191622105	0.01280322591422704	0.13169811612314203	0.13136176429902036	0.19164174649170163	0.07969826205470831	0.06020345217771603	0.028243054648141693	-0.9115740516748775	-0.17747598721840174	0.30529577421761844
0.5	0.85	300	2.0943951023931953	0	0	0	0	0	0	0	0	0	0	0	0
0.5	0.8999999999999999	300	2.0943951023931953	0	0	0	0	0	0	0	0	0	0	0	0
0.5	0.95	300	2.0943951023931953	0	0	0	0	0	0	0	0	0	0	0	0
0.5	0.0	300	2.5132741228718345	0.01604660806206057	0.059663683497754076	0.030563044640477138	0.3109864556736947	-0.71301496719375	-0.8975149647173598	0.013810740300454835	0.0609851674826154	0.029990886475805518	-0.012082737828867336	-0.7495434909384805	-1.1864196951813413
0.5	0.049999999999999996	300	2.5132741228718345	0.024047178644758558	0.06016540217566765	0.03012016260451186	-1.493112419648149	2.234021357768312	0.3634564430709944	0.006270944001218345	0.0624064216486969	0.029871097283831066	4.630783900098319	2.270509225100848	0.19469834467203284
0.5	0.09999999999999999	300	2.5132741228718345	0.03257823857828957	0.05852068939023473	0.029199613368844444	-0.12174746706822981	-1.2085399410205833	4.613331017313655	0.0007129565335569469	0.06230100388427353	0.030145308572611367	-1.497394515363013	-1.1587372236079103	4.502162520961576
0.5	0.15	300	2.5132741228718345	0.0425387125318426	0.05846332183528355	0.02834704390772822	-0.7417423075603942	3.9999295890236963	2.9634352494437306	0.005228821532340761	0.06399341233605718	0.031094292987090322	3.089642707051955	4.091948648889477	2.9310258539573466
0.5	0.19999999999999998	300	2.5132741228718345	0.053579082601786454	0.056166145095659065	0.026604950648185646	-1.5581453682711026	2.3449101867847153	0.48812810572911425	0.009054652204764833	0.06384252623353485	0.031053480616370813	2.2184830665498816	2.4261489752722087	0.4949063578994458
0.5	0.24999999999999997	300	2.5132741228718345	0.06553983081430498	0.05547380691793563	0.0257670528884614	-0.7749238756053132	4.005490517133487	2.9532310233071946	0.012190959730101642	0.063983120587686	0.031319383130093	3.2466348847287656	4.128175371072302	3.047677635973861
0.5	0.3	300	2.5132741228718345	0.07697726015790281	0.05306542120766751	0.023837972038916914	-1.565219023976004	2.392496337641065	0.5428357202381454	0.015426698426810529	0.06393454086937524	0.031210800905624295	2.6198881720600182	2.4992398908898794	0.6884347826359892
0.5	0.35	300	2.5132741228718345	0.08998351798814161	0.051865406981896206	0.02289975923383389	-0.5876386883774165	4.4174806707127985	3.5500181879468107	0.019274825077548352	0.06364727322239974	0.030587325294858133	3.9546364100142988	4.57324121019645	3.816319155599485
0.5	0.39999999999999997	300	2.5132741228718345	0.10144131519115683	0.05039771602365904	0.02112131190420918	1.4990997991178698	2.4158126144966676	3.5990042620788434	0.02677089663737898	0.06295989370458499	0.030394683681645746	-0.01786460587293729	2.538720815198251	3.8969362302008532
0.5	0.44999999999999996	300	2.5132741228718345	0.1073235313538061	0.04711159816923344	0.01904208006928097	2.620448060004602	-1.5512412084630185	0.7443015978325159	0.03292222578686824	0.06182959280492973	0.027735430826715368	1.3591763371403631	-1.409277459485705	1.1236195450925432
0.5	0.49999999999999994	300	2.5132741228718345	0.12417511054632743	0.04653022759074616	0.017582713501034162	1.8301940308680633	3.1558443214076046	4.655812984191165	0.0427037740407468	0.06091846259218485	0.028089876506759155	0.7688371585396889	3.3104363181443652	-1.1789413741561596
0.5	0.5499999999999999	300	2.5132741228718345	0.14568741643209318	0.045362529076364975	0.017348603453697604	-0.20883111636360635	-0.9698922381483345	-1.51193738047161	0.05309513868932562	0.05932901332185444	0.027546045482703025	-1.030626145443107	-0.9474012592114012	-1.100725822789418
0.5	0.6	300	2.5132741228718345	0.15148438437572673	0.04440593879287113	0.015440677788714035	1.2726901383756752	2.1361399209213663	3.0448698778108843	0.06768407602233512	0.05618694339358641	0.025686192027112666	0.5385038295655061	2.282729854878508	3.6620105581954547
0.5	0.6499999999999999	300	2.5132741228718345	0.1634194645951168	0.043397218897874616	0.014782241800164473	1.2384075413278817	2.1273030444709207	3.029707032184654	0.08556896850798985	0.05491848948947206	0.024125430333183435	0.6170159720077604	2.1325065703785278	3.430871271086877
0.5	0.7	300	2.5132741228718345	0.16325628577702483	0.03646975332306067	0.010911342085171027	4.220256116999692	1.6327238475034949	-0.654502055322936	0.09168073224277246	0.0519864680527223	0.01948602526952994	3.6863832733216326	1.5850198640001876	-0.31956198104752276
0.5	0.7499999999999999	300	2.5132741228718345	0.17662524315359887	0.03749627630473807	0.010278255501354213	1.794624068322754	3.322325473868735	-1.4485238523421744	0.11874322909794172	0.04768459635017296	0.01799767434288643	1.3496376209938314	3.2635671932398362	-1.1294136399451844
0.5	0.7999999999999999	300	2.5132741228718345	0.20263133666502162	0.04179599654457832	0.012279537579807915	0.6234979921329784	1.064199349601011	1.5146070706142591	0.15265265690807914	0.04723925414802214	0.017770651700633758	0.2589059471981275	0.8406355019430963	1.591559360083321
0.5	0.85	300	2.5132741228718345	0	0	0	0	0	0	0	0	0	0	0	0
0.5	0.8999999999999999	300	2.5132741228718345	0	0	0	0	0	0	0	0	0	0	0	0
0.5	0.95	300	2.5132741228718345	0	0	0	0	0	0	0	0	0	0	0	0
0.5	0.0	300	2.9321531433504733	0.013250250244459416	0.06170112281181418	0.030879433259524428	1.0879313623715108	1.2398843390391983	2.028473086518998	0.012069563911415289	0.062082244953578385	0.030516724376457156	0.650581698660275	1.2519907334114144	1.7509825647216883
0.5	0.049999999999999996	300	2.9321531433504733	0.018089308563031335	0.06146090416465941	0.02961022892194786	3.873589800816895	0.35446345605845747	3.8630003617842052	0.010707367680881671	0.06226226920966774	0.029655762935227745	3.1980117133162547	0.4030630392559451	3.6522336306182974
0.5	0.09999999999999999	300	2.9321531433504733	0.02476398512060977	0.061402133978012696	0.03075708357616614	-0.7635522744717727	3.6341223284547217	2.4634265721577506	0.012179685831725481	0.0630471889373619	0.030946452774718566	4.625805179795699	3.7279822741752104	2.357374730326881
0.5	0.15	300	2.9321531433504733	0.03164774912537989	0.0600486480157072	0.0294427876372787	1.4221273462271513	1.7916324793890448	2.836953587177112	0.015296014497969383	0.0630393705211822	0.03065610189912105	0.41686656059473814	1.9346315441776865	2.8404462303917435
0.5	0.19999999999999998	300	2.9321531433504733	0.04096884075019007	0.059053772128595826	0.029159756698602417	-0.8208884618412723	3.5666191566695487	2.339330066982469	0.020251907330659437	0.061989838334715074	0.03036129508688315	4.450877463747094	3.679644232232069	2.346548328036485
0.5	0.24999999999999997	300	2.9321531433504733	0.04749241446493809	0.05700513550362858	0.026709132854938287	2.9604547309024576	-1.2938097334469456	1.2722790147540746	0.02703714772585259	0.0609120398742757	0.028762869034872903	1.9660706482488906	-1.1480020559346686	1.384173578231014
0.5	0.3	300	2.9321531433504733	0.06232003457072509	0.05533350880060837	0.02610639310344069	-1.349996966953783	2.5498223627457826	0.7912519308739319	0.03414851375129988	0.06021308204606948	0.028641412903757272	4.04079110378967	2.6954770394348984	0.9499286318719059
0.5	0.35	300	2.9321531433504733	0.06844113432410545	0.05377224459658538	0.023373101228165164	3.0374179533044092	-1.0870079413633136	1.5040814875512658	0.04365889127537478	0.05891639453380168	0.026174353420017785	2.1705836293996987	-0.9214963331981498	1.7759670183846363
0.5	0.39999999999999997	300	2.9321531433504733	0.08692887513342926	0.051735861923056535	0.024349094310002033	-0.3284411009920821	4.670963240384873	3.942781274276955	0.05578863215749244	0.05862895000880396	0.02691518728080426	-1.0670932751116848	-1.4377873477957852	4.268335937381012
0.5	0.44999999999999996	300	2.9321531433504733	0.09347651132489922	0.04915327158130764	0.020879748596677572	2.6788607491730705	4.615415005996038	0.5704195585023594	0.066481810913316	0.05601213839352677	0.023767880281641944	1.9764273638577405	-1.5105598436640715	0.9389786026885054
0.5	0.49999999999999994	300	2.9321531433504733	0.11480350035715384	0.048524999858630555	0.020177205370473187	1.3930848447881667	2.0658878872260242	2.9977491237789335	0.0835730572610859	0.05570108950987651	0.024200095279517688	0.7744329835049687	2.1831231579874215	3.3917032605850532
0.5	0.5499999999999999	300	2.9321531433504733	0.12415738872569398	0.04547029949498834	0.017493838359928366	2.013009443086034	3.368224055944865	-1.3376814369338823	0.09572156313451127	0.05266513257719549	0.021411836963389705	1.4595792836491301	3.4832825581281313	-0.9240361392955577
0.5	0.6	300	2.9321531433504733	0.13837035887498675	0.041678825458642994	0.015178293002819018	4.6075008799703285	2.120486660857511	0.06037688637471957	0.10486514478734878	0.05119104653067711	0.019427950647756473	4.124351179376882	2.193989224208191	0.4755901421691753
0.5	0.6499999999999999	300	2.9321531433504733	0.14520691586083356	0.03969861520478398	0.013208959878356899	2.4471951949244346	4.351117831553312	0.07611460824034606	0.12048188302269743	0.046807404833087846	0.01706313933040486	2.0030637129031477	4.402290152187963	0.4825023940426032
0.5	0.7	300	2.9321531433504733	0.17051258888512646	0.04187652058385158	0.013694337437230081	1.0512366064224665	1.6981626569230335	2.342074218920695	0.14548986526754412	0.04674013983789759	0.017384783110044155	0.6774184311680289	1.6187225715718419	2.640699478708534
0.5	0.7499999999999999	300	2.9321531433504733	0.1937151990552075	0.04384884634923275	0.01414744780569049	0.569026177113917	0.8167547804272132	1.069384376575834	0.17076257063596828	0.04761083395110724	0.01726442489975235	0.25960720934902515	0.6477744445667873	1.1967128482667633
0.5	0.7999999999999999	300	2.9321531433504733	0.2187773317573824	0.04578442759534	0.012152471466295642	0.0687389602942938	-0.10379427560743872	-0.2725230777356861	0.196168858945417	0.049305123376140805	0.01584258722880431	-0.175946647454489	-0.3291406765040491	-0.2721769844790952
0.5	0.85	300	2.9321531433504733	0.18392112871479604	0.032079711944063054	0.007761013379056506	2.336362582160544	4.461958321988653	0.20487350199623575	0.17103150845851386	0.03393107932832944	0.009502619208080852	2.114768426601655	4.327651481633272	0.29716448509552484
0.5	0.8999999999999999	300	2.9321531433504733	0	0	0	0	0	0	0	0	0	0	0	0
0.5	0.95	300	2.9321531433504733	0	0	0	0	0	0	0	0	0	0	0	0
0.5	0.0	300	3.3510321638291125	0.013314440973958471	0.06222763989536093	0.03150551719527732	1.7314630902520285	3.112613401783159	-1.40364932388015	0.01363476736229056	0.06268523814421985	0.031500690846683825	1.3356837039537062	3.138147409602083	4.618374547556137
0.5	0.049999999999999996	300	3.3510321638291125	0.012236347987031744	0.06308424256950657	0.03154826534035151	-0.3373882871585427	4.624764926946097	3.9999206058743972	0.017183960996655707	0.0625631824114786	0.030583915333127088	-1.0706409702483832	4.6623540262791	3.768309105871057
0.5	0.09999999999999999	300	3.3510321638291125	0.014090021820038085	0.06230926536553464	0.031544678421888114	1.7955732276582077	2.2509989685139296	3.5763945211229466	0.023139930381824624	0.062027002535226104	0.030454419393017976	0.8435217927982882	2.3566209424533993	3.4875826913428245
0.5	0.15	300	3.3510321638291125	0.018697656474792494	0.06174882013044162	0.03140723906709675	0.21077841493079139	-1.2235631666585431	4.643745193216013	0.029821104723302037	0.060971841315158745	0.029618816213719996	-0.8775585857145032	-1.1359464906954864	4.563650793867304
0.5	0.19999999999999998	300	3.3510321638291125	0.023904448120932936	0.060690253012218635	0.029649032215221516	-1.5399450017283698	1.489596689668093	-0.7172419781754285	0.036796913611025515	0.05992134428897622	0.02767092907429532	3.676436751480043	1.6145546703970142	-0.6922906736981193
0.5	0.24999999999999997	300	3.3510321638291125	0.02963361755268858	0.05867951977213708	0.029853512840953264	1.1221433532856255	0.7409106397490705	1.2083849428102496	0.04876063362076043	0.0568343589307009	0.027268538159339887	0.08240080311731553	0.8586943660436557	1.2850356586008713
0.5	0.3	300	3.3510321638291125	0.039497329630756806	0.05902482332739407	0.029176996652055243	-0.3412902334676087	4.007938397318416	3.017832533519966	0.05799917218912334	0.05788014940803688	0.025969602929454334	-1.3172997529024069	4.1581478711621855	3.1496596847404708
0.5	0.35	300	3.3510321638291125	0.04919965873319962	0.056713240469673236	0.02624316102651222	4.5818681338505565	1.3390679957422125	-0.9741988338769108	0.06635315683445199	0.05650324382784693	0.023645446337950494	3.693415184134158	1.4808448893863086	-0.7815437399836795
0.5	0.39999999999999997	300	3.3510321638291125	0.05749791969112771	0.05506432976329574	0.025527677615945127	3.121733172300938	-1.3238271983002765	1.1856582237140532	0.07882152965561343	0.05446057785076831	0.022200778965065258	2.287618603231102	-1.1976377094038724	1.3560595900834584
0.5	0.44999999999999996	300	3.3510321638291125	0.07486244246349866	0.0532019857573296	0.025250873076457424	1.2118808925871838	1.2416305462687538	1.8602824260504038	0.09403145815712141	0.051155085764993315	0.021204966909786002	0.46324466870209835	1.3633026736020624	2.1649611022884
0.5	0.49999999999999994	300	3.3510321638291125	0.08227121634243142	0.050174965813092685	0.02143633863019699	3.5303237192144468	-0.38713867316045275	2.5046867270450663	0.09985099369387966	0.05110978852164867	0.017904171135284416	2.8307652189950234	-0.2774297791304598	2.768707511093816
0.5	0.5499999999999999	300	3.3510321638291125	0.10551593143380562	0.04848597338854412	0.02159382232722014	1.3930522540303163	1.7955772744846694	2.5981270560486127	0.12252639994112699	0.050328294619996786	0.02040564862002461	0.7720308407997731	1.8074589632908031	2.826729846975195
0.5	0.6	300	3.3510321638291125	0.12836275981333403	0.047091505385023436	0.020802261807888713	0.6690995842463198	0.49649207086731956	0.6045601078745295	0.1442719202580704	0.0498604428405425	0.019422909767818117	0.14737886343050655	0.4437110335539471	0.840163303381707
0.5	0.6499999999999999	300	3.3510321638291125	0.14100235605827516	0.04119203345918226	0.016454452689587416	-0.8447182698579929	3.65529804651542	2.2351605773757197	0.14633721211793624	0.046020314656834774	0.01575518724536894	-1.2969437308344463	3.6813201085986162	2.604831172077537
0.5	0.7	300	3.3510321638291125	0.15172211673714023	0.04087989455634257	0.01432130617181701	1.1439326527747182	1.6517082028030126	2.233627410645371	0.15929933829982043	0.042642628554963216	0.013970269426858771	0.732412063247972	1.5995559538967807	2.5699463886026974
0.5	0.7499999999999999	300	3.3510321638291125	0.17433027050829952	0.041290009871436634	0.013486925712410188	1.0393266584849439	1.5893553459789365	2.0989356101224583	0.17802140407360506	0.04321978736689977	0.013772910668834137	0.7093677541488305	1.4798330019782826	2.3395262008809077
0.5	0.7999999999999999	300	3.3510321638291125	0.18612092907659636	0.039999895592202316	0.011739616183699578	1.2294386861540332	2.064744862055848	2.7814368255399304	0.18633535811971053	0.041385881720141314	0.012320585714240804	0.9575168812176076	1.9496417611848327	2.982659212963967
0.5	0.85	300	3.3510321638291125	0.17630668147741108	0.03236382937051063	0.005956753785211435	3.5203522155746514	0.3619442830610425	3.2721746316432068	0.1696678990166032	0.033959841103993374	0.006615849368381922	3.2891053441502347	0.2608270623190703	3.4808043054316133
0.5	0.8999999999999999	300	3.3510321638291125	0	0	0	0	0	0	0	0	0	0	0	0
0.5	0.95	300	3.3510321638291125	0	0	0	0	0	0	0	0	0	0	0	0
0.5	0.0	300	3.7699111843077517	0.01292954585928936	0.061532084619751265	0.029759819944171578	4.430172860158731	2.325503460778081	0.5794291916444139	0.01397134713417303	0.06193804706172113	0.03051704819362087	4.078725555922636	2.3343859301171035	0.32657316597517766
0.5	0.049999999999999996	300	3.7699111843077517	0.00699469385601894	0.0628619246121013	0.02993022290612698	-0.5021585946519762	4.414651531022507	3.678989892317279	0.02188670090520756	0.06160279287515861	0.02962755287285586	-1.2036227547021168	4.430536525576009	3.4634207368623104
0.5	0.09999999999999999	300	3.7699111843077517	0.003791083105983973	0.06272728899367878	0.030512801097656892	3.7597972445247576	4.628879089452135	0.8145589702425581	0.03084820534931982	0.059651610583449234	0.028221252668638824	2.0411581965928596	4.66527037262354	0.650841739436912
0.5	0.15	300	3.7699111843077517	0.008168703338173957	0.06284429110009078	0.030402904378740474	-1.2863741310114318	-0.052351204828614155	3.2468111980626273	0.03890593983977711	0.05883795920281203	0.02613527649399982	2.925340409035539	0.009809850767500038	3.132457727467209
0.5	0.19999999999999998	300	3.7699111843077517	0.013663974013255623	0.06316929315755221	0.032238002307616254	0.5303938843339449	3.333381319489583	2.0437207381781355	0.05251343429755782	0.057753816603374114	0.026729917246211987	4.672329115005423	3.387452432705965	1.95421808510011
0.5	0.24999999999999997	300	3.7699111843077517	0.01716813355647961	0.06273213081269928	0.030761220940138556	-0.4819477819308837	1.4879919701118807	-0.7104529856788676	0.06024116139798825	0.056508205611796036	0.024503072774792335	3.798472588395336	1.5532362691559014	-0.7266365638836542
0.5	0.3	300	3.7699111843077517	0.02266724601548634	0.06239954587513377	0.031911950111776895	0.5324391701814214	3.7373033415186	2.6378442912678413	0.07526700984953717	0.055232196679819066	0.023970220451876235	-1.3681228576958961	3.782267900977673	2.589614963153065
0.5	0.35	300	3.7699111843077517	0.024925695688921848	0.060610894882971715	0.031018096732527155	3.119364778996919	2.9892725401088165	4.620131570994319	0.08794395942028625	0.05386626204340727	0.02278020544502337	1.36480689467378	3.0162503339302376	4.569350122900637
0.5	0.39999999999999997	300	3.7699111843077517	0.032902016246243865	0.05967414513852568	0.02856520223208939	-1.2951875644818003	0.7715808291406087	4.4677302061904545	0.0916854644687925	0.05228720187124882	0.0193520250470054	3.484164999282362	0.8062164126825402	4.518250702721521
0.5	0.44999999999999996	300	3.7699111843077517	0.04119012451184999	0.05621848948412852	0.029259385882918747	1.606858854074224	0.7158594366102192	1.1046324049740897	0.11504637172323517	0.050690504907679707	0.020726220235852594	0.2221474404803774	0.64227522150246	1.0751036294471978
0.5	0.49999999999999994	300	3.7699111843077517	0.05294652134611059	0.05531980624365563	0.026580960020992136	-1.1785648481067423	1.6080087479518954	-0.5873654951468853	0.11638602233516045	0.04812188488685817	0.01777545389994696	3.9602767176518077	1.616475550873766	-0.5170726737507852
0.5	0.5499999999999999	300	3.7699111843077517	0.06905645518673072	0.05112855711546747	0.02697530980841173	0.30069082560629384	-1.4523972436643755	4.1956727705410355	0.13911670860096773	0.04940689479371784	0.01805492409318032	-0.7001757003654104	-1.4292712787506712	4.3098818005531925
0.5	0.6	300	3.7699111843077517	0.08201687731606053	0.04925682105868583	0.022592146800135614	-1.3474877257144249	1.7225184288596427	-0.46241873265158173	0.13795414860030702	0.04411549135102134	0.01499914516198757	4.062335449987305	1.730295858158596	-0.3219938793494153
0.5	0.6499999999999999	300	3.7699111843077517	0.09715589269909257	0.046442468402455764	0.01938085826010578	4.492428376826248	1.0259712678009405	-1.5384465820552733	0.14427650900282854	0.04240398576934397	0.012685281719752407	3.721480449883462	1.0280028981588856	-1.3193199732233474
0.5	0.7	300	3.7699111843077517	0.11970332171391108	0.04558731049872702	0.019660869351534726	1.6971564537785169	2.2047589932251705	3.048868996556941	0.1698467176812623	0.04374179800878696	0.013882737064370883	1.04422740953794	2.1011499234705955	3.1819003494838696
0.5	0.7499999999999999	300	3.7699111843077517	0.15578268179991364	0.04015522992591818	0.01676812736958224	0.02317877757978242	-0.9817385186129896	4.49160400746079	0.19317934101522435	0.04502452408148208	0.013614268009553116	-0.468932062356407	-1.0541608006995502	-1.4892097031198959
0.5	0.7999999999999999	300	3.7699111843077517	0.16148663417049164	0.04080969908487348	0.014065552261858854	1.6914761800682065	2.6292883331098533	3.5280376770729807	0.18761448353581617	0.03981830242480343	0.011283272498647964	1.2532269451985465	2.4791065426508676	3.7149942948316146
0.5	0.85	300	3.7699111843077517	0.18961021986509421	0.04049202210254251	0.012700461607103511	0.9730391064373372	1.4616971211561516	1.858750453433852	0.20604866657729812	0.040191290654312574	0.011361156752095973	0.6436305517037856	1.2505055799279872	1.9193388535199354
0.5	0.8999999999999999	300	3.7699111843077517	0.18479106920071603	0.031266547841691014	0.005057506248179938	3.932488390386733	1.0803038654934414	4.55777806856708	0	0	0	0	0	0
0.5	0.95	300	3.7699111843077517	0	0	0	0	0	0	0	0	0	0	0	0
0.5	0.0	300	4.1887902047863905	0.01340687409020919	0.06059504644148943	0.026807492252990638	4.103017279277469	1.774628797248966	-0.28113191613298527	0.013857017770495902	0.06058332368101086	0.029410604121789398	3.9144540064942897	1.7830008817070369	-0.44812062275918185
0.5	0.049999999999999996	300	4.1887902047863905	0.0034045633453435916	0.06212986266904543	0.028477716873263004	-0.9201721526898289	3.709232082669964	2.5723605836999894	0.025517872530008992	0.05968308251871211	0.028919139474505248	-1.4272273936369335	3.691514979672894	2.3808541655268494
0.5	0.09999999999999999	300	4.1887902047863905	0.006537642170344026	0.06264771381938206	0.02879013310085435	-0.877125650020566	-1.258800481350272	1.402024187864694	0.035428295141507866	0.057816726448495045	0.026784266369125502	2.3557170585640224	-1.2485419789975245	1.2351021020513016
0.5	0.15	300	4.1887902047863905	0.016893483702160324	0.06386315625386374	0.030906513337328776	1.2543061285136574	3.030965272162371	1.5810928215667661	0.04866872535243746	0.0570856191937956	0.026375312405453082	4.597994766725261	3.0414793685036807	1.4409549681556266
0.5	0.19999999999999998	300	4.1887902047863905	0.02575714062401313	0.06475652956527025	0.031577462011933455	1.6822643883471846	3.896445049750071	2.861349999580145	0.060043950047064316	0.056123304229378425	0.02539205134467718	-1.2658294161085304	3.895423632432345	2.7312550958546535
0.5	0.24999999999999997	300	4.1887902047863905	0.03330975477094249	0.06513488381634122	0.03236844747683449	-1.3657496724643001	4.02381340848517	-0.1147621343293791	0.07128580712131175	0.05424990066126894	0.023853846602675643	1.9136686651014299	4.020031857440227	-0.25346242219096055
0.5	0.3	300	4.1887902047863905	0.03782868538060168	0.06514092341519136	0.031961817471938395	0.18360635189572933	0.9383881686687912	-1.5335596906210907	0.07849521003071754	0.05337285787345539	0.020562895113308277	3.6009050294161917	0.928098418938998	4.635961537693716
0.5	0.35	300	4.1887902047863905	0.045588093366234386	0.06601526896484249	0.03273484183011018	0.7165446882205972	2.0210228839772126	0.11846640636717437	0.0927760439664537	0.05164882981655557	0.020873994058677448	4.179617732427007	2.002957229874388	-0.007620273647112457
0.5	0.39999999999999997	300	4.1887902047863905	0.04965031787953909	0.06606165369560528	0.03243011171459689	-1.1491275538515435	-1.5125531049243754	1.0391798039665996	0.1033071051257212	0.04937387348541009	0.01939480175847439	2.315883165362535	-1.5532006472783813	0.8300428004128926
0.5	0.44999999999999996	300	4.1887902047863905	0.05122421423458211	0.06509918697751935	0.032442148791789464	-0.35622280596987693	0.2126673214248695	3.665689306358619	0.1094671414252389	0.04919427539954171	0.015875161046863935	3.23795895979497	0.17403744883259617	3.4449899042698537
0.5	0.49999999999999994	300	4.1887902047863905	0.057755719787109396	0.06446274532833383	0.0336942259155989	3.7475287331157885	2.2875478783842094	3.5551519782155188	0.13234269245091518	0.04886995852179446	0.01825875137116129	1.0677615748932965	2.129251382596321	3.2088088609759327
0.5	0.5499999999999999	300	4.1887902047863905	0.056146552244594444	0.0626588547165341	0.03145328181310031	0.20286624230978745	1.749408952642081	-0.30643773603936675	0.1342190776698027	0.04444192390746995	0.015353087236262438	4.059570712388486	1.6426996629983404	-0.5046948689767954
0.5	0.6	300	4.1887902047863905	0.059737135313884325	0.06127207558863094	0.03125172489870388	3.8515170749705665	3.123345619955488	-1.4935445132687728	0.15203876896403432	0.044934170817790164	0.01478166915823709	1.4453603462523301	2.858893311016748	4.311915766504846
0.5	0.6499999999999999	300	4.1887902047863905	0.06333551925892852	0.06010865335907145	0.030702552802012048	3.2939312127125953	2.524230155029845	3.8358477266301936	0.16075024781152383	0.04358395479682289	0.014614628556834403	1.1458663353444192	2.245431158641222	3.3768483151106836
0.5	0.7	300	4.1887902047863905	0.0669382769242814	0.056598173796433775	0.0267959155879978	4.637342368401663	-0.5719628165809179	2.36346576379029	0.1556379166958908	0.03925639077076256	0.010306090944452498	2.795595393839829	-0.7471462575994463	1.8872825210473139
0.5	0.7499999999999999	300	4.1887902047863905	0.08441432216153276	0.04987004139969379	0.02533379703377074	-0.10353431663248548	3.0713707318962493	1.6407553294974757	0.1776420333665125	0.03752265649351451	0.010865762709107269	-1.5386366750205909	2.9833484138192983	1.3987935613955509
0.5	0.7999999999999999	300	4.1887902047863905	0.10606445546278856	0.044183210648037104	0.02065177244021107	-0.8880772181034269	2.0364043562136747	-0.010081861887863065	0.17630539470614884	0.03560613276448848	0.008579741581085477	4.246286800838571	1.9602828282171554	0.03446918425985156
0.5	0.85	300	4.1887902047863905	0.1246591064866981	0.040986254944594944	0.01644891047163532	3.7296496737369518	-0.6363547298842035	1.8492957938632553	0.17725719168317086	0.03168845754789552	0.0077532327239219784	2.741695261369447	-0.8426393193204406	1.7104197786772941
0.5	0.8999999999999999	300	4.1887902047863905	0.17802748857517786	0.031832209163543124	0.010686460427383514	-1.088859294238853	2.8382281149125856	0.6924244850609533	0.19576204920342316	0.03176647111920269	0.0076589685350463	4.584162505908784	2.696256810563588	1.001724354386336
0.5	0.95	300	4.1887902047863905	0	0	0	0	0	0	0	0	0	0	0	0
0.5	0.0	300	4.607669225265029	0.014159435649797516	0.06041925253765539	0.02581147782719714	-1.1446344352741957	3.7048590083688926	2.486026732528142	0.014621601595085304	0.05995266826460028	0.029628511971836278	-1.198935025216963	3.719658587968924	2.4562807164901668
0.5	0.049999999999999996	300	4.607669225265029	0.0026501105893024335	0.06122683177510201	0.026080099982258416	3.7720615426747797	0.20773519941164964	3.5405521475025843	0.025545255702840122	0.05832838261299178	0.026984618166702248	3.2994771490972616	0.2050400549938692	3.4804488994989824
0.5	0.09999999999999999	300	4.607669225265029	0.010490070618434476	0.06324773403532195	0.028124973827831704	3.7867295224454924	1.5028324435744915	2.33319450726549	0.03869908454387853	0.057341453507204286	0.026948240985552596	0.790322490629079	1.5038522204533833	2.277993154696489
0.5	0.15	300	4.607669225265029	0.02035361891800171	0.06366980720000585	0.02847707071818828	0.17315254231402422	0.4485883683041453	3.925307796548899	0.048403216852752194	0.055934887195983884	0.024104202654359697	3.4148972557776043	0.4431357424432444	3.827268915756746
0.5	0.19999999999999998	300	4.607669225265029	0.03144345690721325	0.06483759912116173	0.029645633259887328	0.14234297075792932	0.3262087139918993	3.7506276040688453	0.0596150268590456	0.05472545277544641	0.02263138470847915	3.3532358490322065	0.31609620615303236	3.6341910049767066
0.5	0.24999999999999997	300	4.607669225265029	0.04676704554615701	0.06670276716431686	0.03175623570097269	1.5802655480770587	3.174423448807042	1.7553174707400827	0.07615075577988645	0.053685995579514506	0.023099990680926115	-1.4948224219955204	3.151481364973022	1.6365723373839547
0.5	0.3	300	4.607669225265029	0.05946826038334377	0.06504593136309839	0.0324019070498128	3.5434378927235537	0.8468765825766794	1.3574815221972452	0.08672050490907532	0.050661834325043675	0.021185530535272383	0.4653203493954725	0.8863023968232593	1.3569445155867064
0.5	0.35	300	4.607669225265029	0.06992575660329063	0.06860952121277895	0.03412054414246484	3.8678610953012647	1.4264469071727146	2.257419964159788	0.09921764295596724	0.05115332260189363	0.02146461099039409	0.7363136542841393	1.3836104238284124	2.0847723025595384
0.5	0.39999999999999997	300	4.607669225265029	0.08171504568263745	0.06877810685687288	0.035205062773211865	2.5126286628077374	-1.338709685800528	4.5101129720235065	0.11257755919324411	0.050312679094988155	0.02069553828498341	-0.5907012307951987	-1.3910477308423368	4.270492857629057
0.5	0.44999999999999996	300	4.607669225265029	0.09282112369616333	0.07022415872487964	0.03540517190989043	4.48147355881251	2.577655504427675	4.051722293482999	0.12363584151643532	0.04870265870008898	0.018137822992053035	1.3152113710041244	2.5062390238805534	3.7606644800879496
0.5	0.49999999999999994	300	4.607669225265029	0.10274530312702071	0.07116572672412522	0.03639333624130893	1.9043515145320375	3.6469725093425875	2.6352898365772184	0.13338160122764747	0.046850353615464045	0.01715847205444448	-1.1900693750108509	3.6603813192840873	2.434138866168081
0.5	0.5499999999999999	300	4.607669225265029	0.1218695194620364	0.06470826013574112	0.0380049921403258	3.3755765487824045	0.42334511113333706	0.8111385598381622	0.15303863264285722	0.04832519621957728	0.01755252571187618	0.24971411659655027	0.3919113155014136	0.6483386330161098
0.5	0.6	300	4.607669225265029	0.13168613311184535	0.06653846371850085	0.039932416705847996	2.8829467935471165	-0.7433112266290448	-0.728163593471393	0.16754097765985787	0.047723673943721706	0.01626637804073729	-0.24526276304914085	-0.6865947327744293	-0.9922321464857097
0.5	0.6499999999999999	300	4.607669225265029	0.13504724122980083	0.07224094885570309	0.03989868138053385	4.032713549788057	1.676878706828638	2.7554548389733338	0.16447199752534294	0.04183526609299806	0.012949617013860866	0.8785334190857493	1.6478476115032215	2.493882472059841
0.5	0.7	300	4.607669225265029	0.15622138505554012	0.06294225699938291	0.04109469893666784	3.1844400047395442	-0.11376485603027472	0.20056753372966474	0.1946763417960331	0.047987761336505126	0.014669784081043857	0.06754174520408328	0.012932711449432558	0.06729936084889789
0.5	0.7499999999999999	300	4.607669225265029	0.12863968950979943	0.0760706148153273	0.03744284120762674	0.6327334537984388	1.0190282918370925	-1.1103510479595515	0.16689457978350844	0.03657761167884056	0.008798130203937632	3.845056123731988	1.1123059560477324	-1.2636626736205643
0.5	0.7999999999999999	300	4.607669225265029	0.14105308418656856	0.07695871160157271	0.03898947327604601	1.5503597746746929	2.771919505103811	1.6391091298309426	0.18689681274770928	0.034975055650177146	0.009220574025408554	-1.4908030499213627	3.0705343915015733	1.4604684378326576
0.5	0.85	300	4.607669225265029	0.14655785742561192	0.07401060437005769	0.039761411797599296	1.7885821304292322	3.3113479215936756	2.5236768037697814	0.20067205315940043	0.03553798276837714	0.008870585249314751	-1.174483808165414	3.75708299005559	2.479217206988149
0.5	0.8999999999999999	300	4.607669225265029	0	0	0	0	0	0	0.19228379726390893	0.030747002142559845	0.006497672027402751	4.386197525481307	2.3064012587460336	0.3222046704027153
0.5	0.95	300	4.607669225265029	0	0	0	0	0	0	0.21315771607235826	0.03335580884312376	0.007228740549989129	-1.2292350279766247	3.7539892506284724	2.4745149265565245
0.5	0.0	300	5.026548245743669	0.01503419979988608	0.060180861457171476	0.029521434106720385	1.3562429627934147	1.9970130165745386	3.0912586090339675	0.01383244964754643	0.06058088893180475	0.025851476804979283	1.2268195149750492	1.9907268850152011	2.972552472894198
0.5	0.049999999999999996	300	5.026548245743669	0.004113243143889464	0.06073678354120038	0.031020349048208336	2.6012883242750924	3.462361530801646	-1.0046102158170815	0.025414376481302726	0.05859793362997701	0.02507878204341252	1.8806869104591812	3.4777629195365374	-1.109883698850248
0.5	0.09999999999999999	300	5.026548245743669	0.009178905840439105	0.0623675633219774	0.03170265516545107	0.6720182277237586	2.148684851726537	0.20513003686637113	0.037014869017416574	0.05708400516855439	0.023373172456212038	4.4320036457981224	2.1441376030632995	0.07437485438870049
0.5	0.15	300	5.026548245743669	0.01812761719751104	0.06318139281374388	0.032664937713234185	0.4762838170175489	1.2227430920136155	-1.1732439835936532	0.04703657671150148	0.05539937740044954	0.021321303420825118	3.937334229260404	1.1963094430225836	-1.332393499698756
0.5	0.19999999999999998	300	5.026548245743669	0.03069678367873421	0.06294266846530762	0.03408259607706695	2.714521958092649	-0.7152119735190177	-0.9047695396818899	0.06100398281691144	0.05355677114199862	0.02177529097623442	-0.21718254373339824	-0.7985005905906792	-1.195846610802483
0.5	0.24999999999999997	300	5.026548245743669	0.03976022377440599	0.06672866443092458	0.03555261967600442	4.1651119440754165	2.014317290090838	3.1704545005007674	0.07217542149948189	0.05262733093794678	0.019691583024621106	1.1124818373084988	1.9506212079672072	2.8806237318235297
0.5	0.3	300	5.026548245743669	0.05145852282163354	0.06377987750018377	0.03693839028616618	3.2967899953943633	0.34979540168190926	0.6546021693426802	0.08590528190741073	0.05020825946105144	0.019303222877637447	0.2744438156217885	0.31592089837071474	0.43631445913038774
0.5	0.35	300	5.026548245743669	0.05792289120451881	0.06870801741333238	0.03734464089389198	4.54808022785548	2.717165308279502	4.245609250785859	0.09521292437573681	0.048984223728961614	0.016931051118871072	1.417420948883156	2.5979795495705096	3.8410857255336452
0.5	0.39999999999999997	300	5.026548245743669	0.06501862218402496	0.07023176258719294	0.038188103923920004	4.526758404515592	2.6627307092185477	4.18891844154491	0.10412491631927318	0.046931004939894536	0.01577017114449221	1.403704416105712	2.5593459203524924	3.7711589311481326
0.5	0.44999999999999996	300	5.026548245743669	0.07137659988551175	0.07118762465212078	0.038775070430947994	-1.5432945861181995	3.1040455929296553	-1.428442840147398	0.11570389171010904	0.044769596420974445	0.014116564228994414	1.5806176661773526	2.9431360799219863	4.363558086501228
0.5	0.49999999999999994	300	5.026548245743669	0.0757875333202692	0.07168969821938835	0.03933341385198006	1.9958292166543714	3.880208825252831	2.971906250290016	0.1282383307555019	0.042509321036209406	0.012719877375582233	-1.0892095120634044	3.7566151241600707	2.510443978909719
0.5	0.5499999999999999	300	5.026548245743669	0.07756971438043381	0.07336093008337805	0.04049613350867854	1.7164038566217759	3.2937021383839173	2.146226805088739	0.13770485202918917	0.040277243977119355	0.011708770498135698	-1.358690811068006	3.206717170687442	1.6848190838429191
0.5	0.6	300	5.026548245743669	0.08742215336576006	0.06765410683736889	0.04169753029225174	3.1147012058806305	-0.14703299647575585	0.11112291671627267	0.16042702425735156	0.0427596340677293	0.012874349674745045	0.0025188634262427274	-0.24786887787645676	-0.3431945064407387
0.5	0.6499999999999999	300	5.026548245743669	0.0771022387064195	0.07484641601571271	0.03890819498986272	-1.4373601938293576	3.5583384358860073	-0.724456701679288	0.15119804865505693	0.03631815949434943	0.008912093224995386	1.725084982003748	3.2494853864853672	-1.4870717810027954
0.5	0.7	300	5.026548245743669	0.07512243839158292	0.0746438480147899	0.0405918144372661	4.009032665334897	2.045160437545981	3.263972827789935	0.1635658047714275	0.03492208320435363	0.008460575671437803	0.9202849422173793	1.6976564984142624	2.5591407107016364
0.5	0.7499999999999999	300	5.026548245743669	0.05798316021652392	0.07419193737288235	0.03961779173693096	1.641806260198711	3.736395741000173	2.9205602308863696	0.17783235800250669	0.03307316801692179	0.007997328314561306	-1.1840305690169404	3.642504258946992	2.339023314823259
0.5	0.7999999999999999	300	5.026548245743669	0.0457681854219373	0.07386733858209375	0.03496174614296068	-0.18227384880844927	1.2227689083386424	-0.949681745609832	0.16320909758768973	0.02933188975738237	0.004933817013314243	3.722763160148548	0.87293947742486	-1.5156868762339595
0.5	0.85	300	5.026548245743669	0.05294202881814468	0.07139868202036773	0.03221088306601269	4.567502881346442	-0.5056950503568893	2.56493978497637	0.17052133034474568	0.0261881878315943	0.005407363658744401	2.673765140095578	-1.0149056563851535	1.539975715737192
0.5	0.8999999999999999	300	5.026548245743669	0	0	0	0	0	0	0.19071331367475233	0.02731796354285936	0.005685293510189773	4.707585564097745	2.9895525999441697	1.3754670131100106
0.5	0.95	300	5.026548245743669	0	0	0	0	0	0	0.24270334670922675	0.04267586302034999	0.00929555849034174	0.2848350517307699	0.5706939479350902	0.9720959579740134
0.5	0.0	300	5.445427266222308	0.015950268144862233	0.06050985047796524	0.029970298136220104	4.118127967795657	0.8013258782649078	4.4882486177484076	0.01346795508379751	0.06086041732420935	0.02723704031983375	3.915990229234306	0.8177307004357407	4.293948912514106
0.5	0.049999999999999996	300	5.445427266222308	0.008864921076058711	0.062181650643325724	0.03181161134860811	-0.5642405964618191	3.2450124946225016	1.8644753898935151	0.023498949749071407	0.06009967206011115	0.02715563623490978	-1.21652293888468	3.247791369451084	1.6231797026962531
0.5	0.09999999999999999	300	5.445427266222308	0.004638608780734356	0.06283207954774621	0.03265540315144781	4.0193439419692965	3.6809755356369593	-0.6188613085748381	0.032698811772176234	0.058373804545950043	0.02602398319516258	2.036234401743947	3.6620177978658504	-0.9183791502926353
0.5	0.15	300	5.445427266222308	0.009239633437165879	0.06417538610450575	0.03363579374035412	4.026153674787452	2.3889089079730246	3.7682772861552394	0.044050893095777054	0.057138392416338474	0.024524362805689637	1.4042833733346538	2.357627767342477	3.4343944301362974
0.5	0.19999999999999998	300	5.445427266222308	0.012555242899937811	0.06446618805601723	0.0333745435224546	0.11043960723048833	0.671942830248321	4.34337063191637	0.051693176149505755	0.0554281088935917	0.021597654861577942	3.6745548906584946	0.587988488303144	3.937566399579595
0.5	0.24999999999999997	300	5.445427266222308	0.01567264770898501	0.06505878084359372	0.03389072739086965	0.45396767948595756	1.2399933244719819	-1.0571458104562266	0.06299818241763973	0.05310646593433715	0.020638853413502082	3.94951877031012	1.1132817429224913	-1.524671156985905
0.5	0.3	300	5.445427266222308	0.017879956302557055	0.065721021510528	0.033684053269989356	0.46491137050446124	1.2278005523103845	-1.0591131425206606	0.07300299289964919	0.051410006191959574	0.018563929054670893	3.9128470722300426	1.0556674314593515	4.686716240718692
0.5	0.35	300	5.445427266222308	0.019224542339258292	0.06643063267813423	0.034648697310957134	-1.11628308325979	4.28721840515632	0.3275602465562972	0.08530011434233849	0.04929226256874179	0.01865795128996672	2.1801285672625617	4.0804435827841745	-0.3273126948612435
0.5	0.39999999999999997	300	5.445427266222308	0.01583888132637069	0.06688093182065556	0.034583713690525146	0.8390408014536983	2.2073401876312433	0.4575570015585583	0.09686241737525526	0.047007547155167466	0.01657348514495305	4.371120005268314	1.9611678592415758	-0.2212102649821052
0.5	0.44999999999999996	300	5.445427266222308	0.013191895683603804	0.06389029210678977	0.033930911240690066	2.071782581554645	-0.9772848218553619	-1.169132569269138	0.11188208195858337	0.04509591791289273	0.016237359515317375	-0.42291047299762935	-1.3093527731011996	4.261104666167025
0.5	0.49999999999999994	300	5.445427266222308	0.010580118922570462	0.0659347763957268	0.03264955644032029	-0.4172178538243595	1.8325475390687964	-0.08577496425488897	0.11497535548592704	0.04220801220740236	0.012396302116564053	4.116264090975482	1.4558734614497164	-0.9173125629522738
0.5	0.5499999999999999	300	5.445427266222308	0.013979218339523017	0.06119766724474823	0.03418624613584928	1.0240205196536025	0.055481203778811626	0.33599379719328315	0.14408374525855205	0.04393774946994069	0.01413681203412745	0.011500503571341495	-0.30120092196288084	-0.5209923820333157
0.5	0.6	300	5.445427266222308	0.030718241670408875	0.06349697444988399	0.032991878589940855	-0.45480488688793097	3.925746831507653	3.048057158108001	0.14352173873681023	0.03771241197552187	0.010789496171117154	-1.1673237869897861	3.5239456276157566	2.065808738308067
0.5	0.6499999999999999	300	5.445427266222308	0.04641741726464969	0.05904658116605889	0.031368506762527254	0.6271421589217813	0.44446401264162494	0.8751363431221826	0.1698364340491478	0.042585448762442475	0.01210644563858798	0.08585124532862363	-0.059928517872690344	-0.17363518847590567
0.5	0.7	300	5.445427266222308	0.07489308209160017	0.05849245987780698	0.029853436289582293	-0.2627148356093024	-1.4137112365873683	4.417826472491592	0.1717969177279425	0.03647095060456417	0.009558484119050092	-0.7369115555484567	4.493381965302273	3.556026071913806
0.5	0.7499999999999999	300	5.445427266222308	0.09903580607836372	0.055684993025436995	0.02651758120395885	-0.918459370919518	3.587717737755242	2.5218938978855867	0.17089448024199497	0.030878419855607474	0.0071814113528891705	-1.3629608914840448	3.212992436653796	1.6710996773529667
0.5	0.7999999999999999	300	5.445427266222308	0.1201800373570852	0.052774180099595544	0.023343172387206856	1.3949109797773562	2.3936494177818	3.603211189604964	0.18300122161860002	0.033592461021997776	0.007814641093692185	1.0074204650090963	1.8921570259829186	2.7604575493668824
0.5	0.85	300	5.445427266222308	0	0	0	0	0	0	0.1655482567699428	0.027547425094724038	0.0032359682800659367	3.204923908679525	-0.04583110337383771	2.940728685199514
0.5	0.8999999999999999	300	5.445427266222308	0	0	0	0	0	0	0	0	0	0	0	0
0.5	0.95	300	5.445427266222308	0	0	0	0	0	0	0	0	0	0	0	0
0.5	0.0	300	5.864306286700947	0.015482391453692564	0.05923430449345453	0.030828544943631856	0.4563075816484359	-0.2795871249025405	-0.2510193658223776	0.012633664521729024	0.05937666854922511	0.029633376026195656	0.1934112468540521	-0.23461493111042972	-0.4375040099312679
0.5	0.049999999999999996	300	5.864306286700947	0.011022279012573799	0.06318199274766119	0.03159506017593573	-0.31952806148015955	4.481717679784079	3.7723775866422553	0.018880601492845712	0.06155805483332484	0.029177425812283893	-0.6139798938388452	4.419580001089611	3.368546096134338
0.5	0.09999999999999999	300	5.864306286700947	0.008195965353276059	0.06274234547060467	0.03116176507696277	4.2596201289613855	1.0701348951654817	-1.3106419535572806	0.025302911261340908	0.0598761677122112	0.02729662580089532	3.984505508437075	1.0095691502853097	4.558872479554475
0.5	0.15	300	5.864306286700947	0.006077946074021761	0.06333171282622006	0.03238525499804437	2.2863178858780246	4.12235304655117	0.07724178278422862	0.033586661630033675	0.059049365582888334	0.027447247712954245	2.240210666399392	4.02083707874939	-0.42126890511354054
0.5	0.19999999999999998	300	5.864306286700947	0.006743343100506757	0.060125555145779275	0.03191394782913795	0.2546249183698229	0.16208105778721343	0.44515652872383865	0.04452086157921812	0.055696851498635555	0.026261308221705394	0.28790217540644647	0.05624512188458072	-0.039511355380118504
0.5	0.24999999999999997	300	5.864306286700947	0.011355422183799037	0.06299926360941202	0.032011850979553426	4.254426857675734	1.8135158123236566	-0.16799492163300528	0.05248904851391089	0.05555954984893685	0.024216861271322762	4.254218876358971	1.615384975639869	-0.8199497195280359
0.5	0.3	300	5.864306286700947	0.016522358667810065	0.06271551618720708	0.032255109119921216	-1.336134409723699	3.253344973727949	1.9934506779959817	0.0648194280449284	0.054334991004614155	0.02327364893476218	-1.369591469134259	3.000668320858805	1.2498442999346508
0.5	0.35	300	5.864306286700947	0.024068290434511728	0.06073243792061698	0.0314506992983962	-0.2763920278654488	-0.8496323157621195	-1.0136833079484433	0.07768471512663894	0.051839758435617445	0.022020602302602447	-0.31542094514053465	-1.1642757081742336	4.441118239788986
0.5	0.39999999999999997	300	5.864306286700947	0.03440512980213109	0.058738135240378866	0.031073462704448974	0.12340946726514229	0.032824377871142806	0.29978926716414583	0.09205986310884216	0.04996797793265728	0.02106359933103797	0.08573131068805954	-0.29624672361690674	-0.543564583796919
0.5	0.44999999999999996	300	5.864306286700947	0.045235479017685896	0.06004172397889179	0.029556026702098913	1.1783353427859884	2.1673560434645234	3.4656227337406458	0.09881268974635977	0.047645639356320046	0.01876889243770726	1.0900781858431228	1.770792092613176	2.4846768405084427
0.5	0.49999999999999994	300	5.864306286700947	0.061229691908546595	0.056275267783862014	0.027825831111303205	-0.17667110269734493	-0.7772067846563487	-0.8718784237444407	0.11370289208962732	0.04430495550583599	0.016924892075641327	-0.3550746163675664	-1.2617064525743622	4.292274517695463
0.5	0.5499999999999999	300	5.864306286700947	0.07571412861532031	0.055963486493226605	0.02633315692623723	-1.2312016968306003	3.400039468032687	2.228798768585097	0.12153897418540334	0.041161490414527296	0.013892419359226202	-1.4212542437340228	2.911912628696217	1.1009017234733562
0.5	0.6	300	5.864306286700947	0.09227434446782184	0.05334582947058638	0.024670386314022304	-1.4161258502549776	2.9895725828284756	1.6432298411562465	0.13154179701881366	0.03756552889871466	0.011771512881713428	4.653707820736008	2.4755505541981258	0.48568306994749
0.5	0.6499999999999999	300	5.864306286700947	0.10580722175349526	0.05166062941287652	0.02217816683571937	1.737509688666753	3.290798936359362	-1.2179971035924364	0.14090617151804605	0.037103901786125944	0.011370591990418018	1.5208871123139305	2.7194669549467703	3.8325788458447514
0.5	0.7	300	5.864306286700947	0.14417491627989315	0.051791261681869726	0.022306516930006823	0.06722678938303195	-0.10422109882038227	0.043581814711277346	0.17566482274961576	0.039758271102063404	0.010659545445865113	-0.0866622729503338	-0.4773396237837889	-0.8666972515294742
0.5	0.7499999999999999	300	5.864306286700947	0.13708459246812538	0.044758665462481674	0.015673483002151687	3.9742045574935223	1.2785555943981397	-0.8998037186111194	0.14957538261367903	0.03040353352465709	0.004943074528059253	3.7409147099555375	0.7809776177434637	4.25343711360345
0.5	0.7999999999999999	300	5.864306286700947	0.18922301152862786	0.04771397488147076	0.016814205922994603	-0.1643678066997138	-0.5236026822338408	-0.669204585033799	0.19906834764859263	0.03684632217762785	0.008244688176930765	-0.310972646488391	-0.8351911174709532	-1.399176272512817
0.5	0.85	300	5.864306286700947	0	0	0	0	0	0	0.18759235042782932	0.031561352298955764	0.006763373875651401	1.0459825859294634	1.9832605740708669	2.871863920008488
0.5	0.8999999999999999	300	5.864306286700947	0	0	0	0	0	0	0	0	0	0	0	0
0.5	0.95	300	5.864306286700947	0	0	0	0	0	0	0	0	0	0	0	0
0.5	0.0	300	6.283185307179586	0.013545331581531837	0.0627255462907356	0.031203811359146173	1.1569526779462749	1.6740853786676289	2.715726136287665	0.012712294063630687	0.0632833101917205	0.03086033616125711	0.7893144525439888	1.7200660420038245	2.467510866820755
0.5	0.049999999999999996	300	6.283185307179586	0.013169271420262198	0.06093079295753547	0.03097245740771103	0.5019219182357134	0.7981235458145349	1.3825081860295474	0.013117451828633343	0.060981227262554234	0.03072129402266215	0.4578632735728783	0.7794138636064758	1.0382675816961449
0.5	0.09999999999999999	300	6.283185307179586	0.017081485184923757	0.06272706272073149	0.031159194541863392	-0.9244492635876135	4.343121109447308	3.5929034736227576	0.016988183909444954	0.06242183720968307	0.030854728697608264	-0.7578659760074091	4.232935888802723	3.08110297770911
0.5	0.15	300	6.283185307179586	0.02096919194261087	0.06172137027961112	0.031113920078130033	1.7392599952589358	3.639635620430964	-0.6321496040613541	0.021053259856865198	0.06099366024055059	0.030287452163501823	1.9816296490397796	3.517597852331416	-1.1408351296886132
0.5	0.19999999999999998	300	6.283185307179586	0.027867756228291036	0.061266051980647517	0.030043458216072523	-1.2190671490354068	3.898591216592857	2.943301645865951	0.027890281948791347	0.060853846597267565	0.02941871142925543	-0.9762477149443077	3.691824016362848	2.2769128848291915
0.5	0.24999999999999997	300	6.283185307179586	0.03375972195067043	0.05983071116804875	0.02818884759504741	3.3566066834661825	0.44260850801009965	4.071208987867349	0.03322169986413892	0.059232328684641976	0.02659957260379053	3.5612340258238975	0.22372340919912737	3.3574645296822
0.5	0.3	300	6.283185307179586	0.04496916868497313	0.05882964526868221	0.028219759884685485	1.6184374891824678	3.3500453169054594	-1.0202353042443866	0.044168100689446	0.05748113570273339	0.026786785997848044	1.7924092845417239	3.0832001434082135	4.4918174848905394
0.5	0.35	300	6.283185307179586	0.05644952911488962	0.057824490379767966	0.028032031304726805	-0.6126736733756578	-1.2942336939638481	4.617759243844242	0.055389608915954305	0.05569320219905771	0.0257910826411054	-0.4996508710657501	4.649775830097976	3.749909218344616
0.5	0.39999999999999997	300	6.283185307179586	0.06652096005579351	0.05565649627131196	0.025333870252661518	1.7981021777267643	3.64299743194817	-0.5886312570217394	0.06454383459005855	0.05338324567050666	0.023700043373384525	1.8614261666919516	3.278680451134528	-1.5144813432584954
0.5	0.44999999999999996	300	6.283185307179586	0.08262485369261223	0.0552050890730559	0.02583763736791568	-0.6618607522681046	-1.4761851858997026	4.369826263088762	0.07926728555415655	0.0512583671457471	0.0225679288073447	-0.6427187468526512	4.379209036970156	3.3645252638738548
0.5	0.49999999999999994	300	6.283185307179586	0.09295077310118754	0.05044360712408921	0.022274158368199806	0.6500881833527089	1.3230135406512575	2.218402647441094	0.0902571042508366	0.04821802817701897	0.020990428076470943	0.6466277886371957	0.8702647785636874	1.1383855364338102
0.5	0.5499999999999999	300	6.283185307179586	0.11461065635951014	0.05084075823396268	0.022049763068504397	-0.3265055590659819	-0.844892918471128	-1.0018596522500727	0.10851782324121555	0.04615257797061836	0.018934073619773287	-0.37656370215873464	-1.3202915705507017	4.214589573390298
0.5	0.6	300	6.283185307179586	0.11820260216427576	0.04685409856578917	0.01799051136025685	2.0108052980630244	3.960154990959531	-0.15099216232488044	0.11233279989146705	0.041822441628698616	0.015208673009195638	1.9034109261545624	3.3880200340205224	-1.4001195948102376
0.5	0.6499999999999999	300	6.283185307179586	0.13965223558253512	0.0468167923967929	0.017902207427065768	1.0909786279408002	2.1186871401663945	3.3013305966934476	0.13207884631680172	0.03992669702602111	0.014239479930815683	0.9857489807305052	1.589946176198294	2.1580786366344995
0.5	0.7	300	6.283185307179586	0.15502856586497388	0.044583678867215884	0.01639148659758058	1.0503837140069463	2.041740747715914	3.16570830976328	0.1468497076711046	0.03726973453092213	0.012053195056823823	0.9292818131576904	1.5184217699311584	2.0204661618648276
0.5	0.7499999999999999	300	6.283185307179586	0.17495098637670736	0.042161209891150006	0.014404218918194158	-0.6464395020196012	-1.5145982343671	4.183759654108672	0.1614224112414849	0.032662792129715686	0.009272187890341581	-0.7711569837494022	4.281637648159648	3.0801112251891816
0.5	0.7999999999999999	300	6.283185307179586	0.16900585926177955	0.035869607682080716	0.010175654026807333	1.9873038461571415	3.9158251615065702	-0.3124956808767528	0.1604451412343549	0.02940866791676326	0.006800725183580974	1.8375834151792643	3.3967008126906393	-1.4580226944107635
0.5	0.85	300	6.283185307179586	0.16903930097635841	0.03320373446920263	0.0065668242313279635	3.4660692847900334	0.5418676179699016	3.9655015796761073	0.15844335025347908	0.025366244054251606	0.004233452384600796	3.315843106750438	0.132228478970663	2.752543249928592
0.5	0.8999999999999999	300	6.283185307179586	0	0	0	0	0	0	0	0	0	0	0	0
0.5	0.95	300	6.283185307179586	0	0	0	0	0	0	0	0	0	0	0	0
