M2	e1	P2	omega1	s1pc	s2pc	s3pc	ph1pc	ph2pc	ph3pc	s1sc	s2sc	s3sc	ph1sc	ph2sc	ph3sc
0.5	0.0	300	0.0	0.0563466858225554	0.004779964165527669	0.01110445073441399	-0.05239201217375272	-0.9407598811635192	2.3224693298011965	0.0594472445739997	0.008490110952721272	0.011861924563823605	-0.5329338763887576	0.5202733475692561	2.6936032852330825
0.5	0.049999999999999996	300	0.0	0.05044510584668175	0.021250634418456968	0.015488135400241292	3.0311585074366243	0.7357681207592537	-0.10080388570853181	0.05574687574706371	0.017895281766241958	0.01527792039381229	2.426427087251527	4.5128208978621025	4.43580402851622
0.5	0.09999999999999999	300	0.0	0.05149344073389532	0.041898907709537796	0.02707578895721813	1.3938772425382877	3.918962512622461	1.51463258397068	0.05947894256872066	0.03783628401665047	0.026553010910558315	0.6848169927079418	0.7721397367859943	-1.1409144467423376
0.5	0.15	300	0.0	0.04877639043501759	0.06446067191070493	0.03893426219529279	1.6490495478859897	4.465990654896536	2.3502369580441123	0.0602120259544201	0.059384075640522824	0.03814357251523216	0.8054419910962777	1.045563369334561	-0.7546811711777948
0.5	0.19999999999999998	300	0.0	0.04565449755781025	0.08685008598702025	0.05070480805650023	2.3323675086534976	-0.5405692804451087	4.285389761225032	0.06072242931668114	0.08203171435985254	0.0494782516962365	1.333218684462009	2.1465265760649395	0.9015105843645159
0.5	0.24999999999999997	300	0.0	0.04182039897667991	0.11031431254546817	0.05960049496953549	2.9662523292463527	0.632328231124153	-0.21911223016815726	0.05728817804578908	0.10477854931462495	0.05840878264825903	1.7600787718235518	3.111146196363755	2.383793442064991
0.5	0.3	300	0.0	0.044380181157950484	0.13467004141582953	0.07043054589451977	4.04720701437123	2.491173153615287	2.6142100940258497	0.052487431697208924	0.13163750352514256	0.06912311070512743	2.629724119752082	-1.4540268034809791	-1.2022912088820532
0.5	0.35	300	0.0	0.04128683830459691	0.1499655685081738	0.08480100500722067	1.7966568079160052	4.5590434531657404	2.430249784328703	0.061359222721266204	0.14676070669425373	0.08488133476713929	0.4539800106082717	0.4100489883273802	4.65760895030112
0.5	0.39999999999999997	300	0.0	0.037550311874467654	0.17220246972340056	0.098237600805138	0.9780478404583842	2.9825422992814588	0.03242091918440611	0.06447578541501861	0.16859530360577693	0.09670824278319763	-0.5040778922567271	-1.3365601630652109	2.0978381946411595
0.5	0.44999999999999996	300	0.0	0.03834936006792625	0.19054812989734293	0.10157303592833619	4.55095505649011	3.51597834832853	4.019122672522164	0.059611456580811045	0.18727193144525314	0.09943744656523136	2.9031635850789863	-0.9300801828378057	-0.3652901011345343
0.5	0.49999999999999994	300	0.0	0.03516095086158288	0.21139613920032593	0.10932270307161158	-0.9435762766162986	-1.2037132212124435	0.07576329627810607	0.05441103104935726	0.2100947752460977	0.10861494356854205	3.57165449341476	0.4730884241986686	1.799227008176509
0.5	0.5499999999999999	300	0.0	0.03588194522102738	0.23366440923987578	0.12661297377651512	0.04639807597526399	0.7478125464425162	2.947956855543587	0.05828346430842614	0.23006188888668716	0.1257193669015637	4.459639573260689	2.2322161062421104	4.4647428929760595
0.5	0.6	300	0.0	0.018666705488004347	0.2515208583691614	0.1260133006919705	1.959876666550066	-1.2330838494355856	2.967602156471452	0.06253003347021861	0.2465602789969302	0.12442544335549116	0.15333040212418672	0.10647967362600973	4.313382572878417
0.5	0.6499999999999999	300	0.0	0.027630617211583962	0.2700260846995307	0.14709652233117906	0.5934517169582437	2.050817720924834	-1.4819735799428202	0.06203289914221186	0.2681488933082206	0.14952334916157403	-1.3721545516631601	3.246601303813073	-0.27234097173153093
0.5	0.7	300	0.0	0.017108798022541262	0.3229745346085894	0.11717597731114814	-1.2781623887258386	3.0008727824740182	3.071966183750601	0.04517481161225334	0.32333809073163683	0.115534977047013	1.8261157039659106	4.032054503639885	4.062308230192432
0.5	0.7499999999999999	300	0.0	0.014189832413483108	0.2920172640418781	0.13523617897137563	2.652253447362169	0.4691793349273717	-0.8682307188439132	0.053192384868984414	0.29136512540155296	0.13509114141655226	0.828912988827188	1.351465225185318	0.022251866935365433
0.5	0.7999999999999999	300	0.0	0.013741653099016683	0.3182913156234249	0.16600402241154624	0.030219415440328263	1.7620425758582672	4.232258519032249	0.05474211674874917	0.3169861354170245	0.16479290411797198	4.535135868492731	2.460030263710109	-1.33867882071256
0.5	0.85	300	0.0	0.020314066106796033	0.3337317252475408	0.17556345532318232	-1.2748813778264039	2.563099781333835	-0.9506912731528057	0.06874251614761992	0.32889292070365383	0.17484282922034639	-1.4635851091936494	3.099480872289821	-0.42792064561534304
0.5	0.8999999999999999	300	0.0	0	0	0	0	0	0	0	0	0	0	0	0
0.5	0.95	300	0.0	0	0	0	0	0	0	0	0	0	0	0	0
0.5	0.0	300	0.41887902047863906	0.05211321922457662	0.007108675539574524	0.010643305005710214	3.329344726662757	-0.171993118258408	-0.04616868909795154	0.0557703357262823	0.010525154534975129	0.011291076844102663	2.828742047671274	0.8099108200619367	0.25167736674426344
0.5	0.049999999999999996	300	0.41887902047863906	0.05777749416477512	0.02209453781113317	0.018942982365483915	0.37445826209915095	1.361349967593848	4.215796046153255	0.05650208405633785	0.013567834099077723	0.01177054367506517	-0.2125934800562354	-1.4075737509443844	2.5541801561586674
0.5	0.09999999999999999	300	0.41887902047863906	0.05887479349082022	0.04325397710367179	0.029729124891993475	4.636132896395162	3.5654854366193627	4.502489983010348	0.0505409957700045	0.03642602347864011	0.02145709408014827	3.9007215183571082	0.41026140333088246	1.8744525822562683
0.5	0.15	300	0.41887902047863906	0.056720354143425925	0.06547262971261564	0.04023227334918132	2.6296349634736074	-0.35712559911982206	-1.4629632384889792	0.04904328007603978	0.05812647167975041	0.033404641890168035	1.7058256089418657	2.5469916571354503	1.7606088027380848
0.5	0.19999999999999998	300	0.41887902047863906	0.060068584397200316	0.08849438153049154	0.051991839242556376	4.305172525048091	2.8220528417664887	3.4227598924119533	0.04171008557905204	0.08295823371624944	0.045026515180294574	3.236981537058157	-0.6992530236056879	0.12307854657778436
0.5	0.24999999999999997	300	0.41887902047863906	0.06440249942922993	0.10692845210178281	0.06498523056500971	4.654751405685495	3.534362434281127	4.438302433730877	0.041424258671389554	0.1025967264291125	0.05718188253090601	3.4535450227802427	-0.22198323191150626	0.8504575383025381
0.5	0.3	300	0.41887902047863906	0.05736980019560475	0.1377122213807366	0.07335541051404387	3.7672346456218264	1.7602269805817339	1.7341043320555976	0.03808977295589837	0.13103975118377603	0.06601772186214121	2.3188450958217137	4.152025611783725	4.218515737306636
0.5	0.35	300	0.41887902047863906	0.0605909640375379	0.16003256063061752	0.08171952564935585	3.952085860507056	2.015806969953781	2.1310262736690078	0.034047882004765516	0.1556104535874403	0.07562233277069186	2.3256282033920925	4.2497129416115795	4.447523848500201
0.5	0.39999999999999997	300	0.41887902047863906	0.06326509215376147	0.18145963591181433	0.0900777237035332	4.042957626770919	2.0871219105901115	2.266534562020362	0.029978256970228174	0.18008678858666166	0.08601540106147042	2.2082523403788827	4.167630309090844	4.40960598075447
0.5	0.44999999999999996	300	0.41887902047863906	0.07277571033772884	0.19412838357454273	0.10401503867915499	4.490765160255601	2.9843204405413566	3.62036592903926	0.025965429539077687	0.19762169039314212	0.10340193243223103	2.65808698334502	-1.3555695880008043	-0.6561110401132928
0.5	0.49999999999999994	300	0.41887902047863906	0.06039794138583675	0.21163337542923397	0.11456499543916605	2.100842366672629	-1.56750016135577	2.8351558535796286	0.037322781722407466	0.2135786341670814	0.11393164796800537	0.19176334836183043	0.19300099903134213	4.626902945932533
0.5	0.5499999999999999	300	0.41887902047863906	0.0734655853953171	0.2288721941917136	0.12239550510383253	-1.4045873764309498	3.7638002421543515	-1.5554336163810387	0.0217639636131932	0.2383224380327682	0.12401540658141788	2.827619122145123	-0.8932791261991166	0.09780841198205666
0.5	0.6	300	0.41887902047863906	0.05764505118236505	0.24963548459231036	0.1336599669364081	2.0072323841522914	4.533066951544125	2.4745098233955973	0.03713581332683534	0.257178779685297	0.13642528290976086	-0.11047342433935639	-0.3097682964115974	3.925514868460696
0.5	0.6499999999999999	300	0.41887902047863906	0.06008028692007439	0.2649187819392548	0.14694404416188425	1.4952437074647273	3.4584438140770684	0.8437511642751406	0.033721064441159326	0.27720743759708866	0.14951374960834019	-0.7266095226572882	-1.5372225184304171	2.1534419144597163
0.5	0.7	300	0.41887902047863906	0.08178382094140253	0.2821873544878952	0.14732440333434585	-1.5298272066786494	3.398286060255413	4.140700891753462	0.0055340742818378585	0.29741396454015034	0.15105939049716172	2.202496325646843	4.501333844580749	-1.0634441607833023
0.5	0.7499999999999999	300	0.41887902047863906	0.06320460906015339	0.29392433167695375	0.16066878092335243	1.4468369760567235	3.3646986868910638	0.659115582982847	0.021265773771872346	0.3108608740801583	0.1679166526049793	-0.6959142981761379	4.33635484760089	1.6450242025383022
0.5	0.7999999999999999	300	0.41887902047863906	0.06653676975911231	0.3112163835756603	0.1671169474200745	0.9887244252359074	2.2753483035764726	-0.9102678234168953	0.010542387407493385	0.3224891170130601	0.17384529930876372	-1.0880549046045866	3.0900570067065316	-0.13434894514129195
0.5	0.85	300	0.41887902047863906	0.052588892088459994	0.3113058299417046	0.14585309511331734	0.0902503796274108	0.2629774733827519	2.354973302874913	0.00558461798574174	0.325171506684996	0.14865846849713063	0.5576403001573892	0.8844770036969724	2.962483859821218
0.5	0.8999999999999999	300	0.41887902047863906	0	0	0	0	0	0	0.027553276690813474	0.3355795395810203	0.16459465877176588	0.588633895904315	1.5602054458072807	4.08184277119251
0.5	0.95	300	0.41887902047863906	0	0	0	0	0	0	0	0	0	0	0	0
0.5	0.0	300	0.8377580409572781	0.055519144916730316	0.00671263563834731	0.010739466839585887	4.318789179138902	1.511486051468371	2.801949168226151	0.057005967245894316	0.008543111387699717	0.010977510131277186	3.8254783240086776	2.733123224934582	3.1291578073359614
0.5	0.049999999999999996	300	0.8377580409572781	0.0564958640263024	0.025005818206927426	0.020159425203958987	2.959695519671526	-0.1190699612967815	-0.756293695225572	0.05042506762899152	0.01136567054086342	0.006639129347664023	2.382196125996032	3.3503837570237285	3.9257663670773493
0.5	0.09999999999999999	300	0.8377580409572781	0.06204047836713139	0.04437827516250046	0.03125163428575866	3.041682058107923	0.10380639420876263	-0.4764555131151009	0.04572370270829166	0.03312147572470484	0.01668784832006124	2.326116799773687	3.2517506623188557	3.14882879619029
0.5	0.15	300	0.8377580409572781	0.06681347676340635	0.06491705048826209	0.04366926048247438	1.9516458186259773	4.332485303323214	2.6679158645457677	0.04286548760994093	0.054385086158351865	0.028641236324891885	1.1298800826332211	1.0198570281500672	-0.33558595225286075
0.5	0.19999999999999998	300	0.8377580409572781	0.07439902132222986	0.0845591834821482	0.05532713377431275	-1.4216464435669398	3.6509203004380915	-1.3355186846754237	0.03404434688641972	0.07729647104449085	0.04145323668767174	3.9089290238230117	0.22140484536119115	1.703803171842154
0.5	0.24999999999999997	300	0.8377580409572781	0.0785765952851639	0.10422194779822744	0.06727356574642294	-1.0439256284680485	4.479134857838311	-0.1437816763010801	0.03030362447104849	0.09715937667284849	0.054096816799426815	4.127251262446236	0.9242230452238579	2.7438919345288975
0.5	0.3	300	0.8377580409572781	0.0762842949981361	0.128648743355381	0.07425647895258725	3.704119206284307	1.3185101182253642	1.3369961268390649	0.02679619081307092	0.12298288677178511	0.06354340044005163	2.256370159109612	3.928606348911558	4.051681985464159
0.5	0.35	300	0.8377580409572781	0.09003375743401817	0.14384429694183973	0.0899117322675322	0.5507157619450443	1.291159437941533	4.4337859826578265	0.025042210309663786	0.14089114066124123	0.0817719090395385	-1.080245412887193	3.7651570718563403	0.7025690253469765
0.5	0.39999999999999997	300	0.8377580409572781	0.08852033269631959	0.16463932261420228	0.09873615607383072	2.159919993946388	4.606782292138644	3.0387492784114962	0.02265056419938717	0.1638673656490391	0.0923865162944989	0.2658654037263528	0.646204175504757	-0.8585820112705912
0.5	0.44999999999999996	300	0.8377580409572781	0.09349809458929174	0.17835255787764492	0.10958962565119201	0.010028053227178079	0.187889066725418	2.810938273646848	0.017406935934411245	0.18423628369462122	0.10526482208148197	4.071831375341577	2.4144250554249163	-1.206144044675035
0.5	0.49999999999999994	300	0.8377580409572781	0.09993992967523087	0.1979195643211237	0.11699441453106423	-0.6018396565998548	-1.0523435316017518	0.9386118912390142	0.01541601329196673	0.2077951096618519	0.11601180890117038	2.92632570177506	1.0509287601717705	3.097263323233201
0.5	0.5499999999999999	300	0.8377580409572781	0.10476496386767709	0.22682714971888254	0.12414551066574364	4.594726278519611	2.8845158147046575	3.7617307429874662	0.017043398562017583	0.24226157736984388	0.12581187107885652	1.144907721523013	-1.4053218008294868	-0.47486657338387284
0.5	0.6	300	0.8377580409572781	0.09580671270086089	0.241392185749852	0.12756086604013003	2.7936228613843372	-0.6366656184514441	4.566072196579363	0.022189907206205176	0.2651339895265573	0.1349542767437058	-0.2541005673194267	1.1941437237300783	0.14285294569034981
0.5	0.6499999999999999	300	0.8377580409572781	0.11173948485336517	0.24593993730721897	0.141702639420991	-1.0893240890321196	4.20633109448277	-0.6450990425934012	0.018889429523075665	0.2772860067185862	0.15407705802035163	1.4195039885745158	-0.3923871691204443	1.0675499054624267
0.5	0.7	300	0.8377580409572781	0.110098091079467	0.2611650692795656	0.14177527687644384	-0.8010562990397169	-1.5134092447823262	0.16333525614650335	0.021687287791075063	0.2980529603230719	0.16011140172614616	1.4963924700125553	0.007859801486760038	1.6955827394452267
0.5	0.7499999999999999	300	0.8377580409572781	0.11343337932461427	0.3022524540329765	0.14683348548881495	4.299532927817851	2.1678785154192983	2.621690993601961	0.03307192563882974	0.35282810662718733	0.16451783127001476	-0.4506610953388658	3.5378497574623022	3.985404975295691
0.5	0.7999999999999999	300	0.8377580409572781	0.11580711689599262	0.3010503831172072	0.1785707428885419	1.4238408550964519	3.041024833765168	0.5121477225083026	0.021094658162675486	0.3578983322759023	0.20369108985434975	3.440025136612741	4.236253155246101	1.7270762467247052
0.5	0.85	300	0.8377580409572781	0.09492382872339553	0.321780649693263	0.15206936392169368	2.5273215861127647	-1.3134252803060467	3.3818151914685095	0.02635317720680554	0.379242371872123	0.17482514505263216	3.9761325003152552	-0.31462258753074224	4.381097532825629
0.5	0.8999999999999999	300	0.8377580409572781	0	0	0	0	0	0	0.05532418417205909	0.3607647562489583	0.19782844163230973	1.4633944747603493	2.6527633419347487	-0.3879174405567783
0.5	0.95	300	0.8377580409572781	0	0	0	0	0	0	0	0	0	0	0	0
0.5	0.0	300	1.2566370614359172	0.05625963784943253	0.004933108083935804	0.011197785324216494	0.31456242210797475	-0.08341524786808047	3.3988613976111473	0.05973232866139514	0.00894799668668396	0.011679219708369644	-0.15715061101698075	1.3391906146115187	3.8079427880285155
0.5	0.049999999999999996	300	1.2566370614359172	0.05888855837352261	0.02597877616239458	0.021592838049576204	2.5201107588962013	-1.2578802187563902	4.063295404251584	0.05039574183996535	0.011235810027202857	0.0014805724672401056	2.0064973926907568	1.7800221265658531	2.424936847539273
0.5	0.09999999999999999	300	1.2566370614359172	0.06977381008764075	0.04284308674609292	0.03531979050243395	-0.09557212871775844	-0.26637059417948006	2.4895570941002996	0.04498247725479778	0.032517721914835436	0.014162796670576227	-0.6835204457652495	2.8684924641851843	-0.4065163421663076
0.5	0.15	300	1.2566370614359172	0.07630243878974927	0.06264420590806255	0.046047431511166574	-0.7254147725633663	-1.4951174757341323	0.6730121752866478	0.03720264716920976	0.052901448229870314	0.02644583742367024	-1.4148844850302207	1.5743170606855827	3.8599634444441455
0.5	0.19999999999999998	300	1.2566370614359172	0.08073917335610799	0.08339766765104285	0.05591203803101003	3.3738190172236746	0.42357236586859737	0.3471991234333002	0.028620155554160902	0.0726251833284642	0.03684942941718528	2.501607162165521	3.4397927038479255	3.4690351107792075
0.5	0.24999999999999997	300	1.2566370614359172	0.0926404760249	0.10204500935331959	0.06926120615309078	-1.4579512948819209	3.252173982386179	4.646521854741052	0.02367351898589439	0.09400383997215817	0.051526037681260003	3.7712971602148633	-0.08551450131561539	1.3819260032115295
0.5	0.3	300	1.2566370614359172	0.09347456629574827	0.12080834191930555	0.07541999690303064	3.451661581788049	0.5573476469539739	0.5214220289244325	0.018075420666295444	0.11432317791742831	0.06150366475460596	1.9539917353587222	3.4186177739968606	3.4256399434005846
0.5	0.35	300	1.2566370614359172	0.10075949556318259	0.1426660021445396	0.08838740391719294	4.1283528822987305	1.7979838843024063	2.4389334131794405	0.016578832953341425	0.1373209497355434	0.07303970580784178	2.1477271532561577	4.613051890572639	-1.0006046670382247
0.5	0.39999999999999997	300	1.2566370614359172	0.10790960357715032	0.1548553401868913	0.10090786674071443	-0.19580427450161014	-0.49253810710810075	2.159333463169552	0.016629558237745496	0.15448976684012214	0.09024590472280325	3.737228772251373	2.2883127757261534	-1.3349508199890285
0.5	0.44999999999999996	300	1.2566370614359172	0.10698550616360196	0.18408706335334898	0.10678166284825893	2.6647693031248063	-1.1226348574804732	4.262345518762096	0.024648752239936848	0.18411648486646712	0.09734011457351362	0.03864960213390469	1.5892068502005823	0.7234617629243075
0.5	0.49999999999999994	300	1.2566370614359172	0.1163128480889951	0.20247933506261287	0.12380361432698532	2.2132094498208223	4.3474690913493905	2.931346718841076	0.033451808632301475	0.20720281343707558	0.11549822900348039	-0.5163268769282161	0.7111231054965327	-0.6668460184349877
0.5	0.5499999999999999	300	1.2566370614359172	0.1371154814676808	0.20729115015319277	0.13595792133451046	1.0359003429217017	1.9236363138257708	-0.5738955855935577	0.03606228356534537	0.2202041616048488	0.13437741253231217	4.139808088405294	4.479626643721071	1.9812891808840485
0.5	0.6	300	1.2566370614359172	0.1427873472915883	0.22408033143300085	0.14832474803686285	1.2783872278682424	2.4752465646592126	0.18171196849500387	0.044110835725702624	0.24519175092784373	0.15125878971497134	4.29090812755443	-1.3301019152300948	2.688478699798721
0.5	0.6499999999999999	300	1.2566370614359172	0.12901336860670312	0.2602943046091454	0.15745509809992297	2.2913727817042218	4.490886126882208	3.0827853161534744	0.0546012069347141	0.28414364881730136	0.16442780835880375	-0.9592191560617684	0.5323143996274964	-0.8577472018786491
0.5	0.7	300	1.2566370614359172	0.14371263147328822	0.25063597800032794	0.149249515323995	-0.27594500823743	-0.7245439489446314	1.7641632498562143	0.054693187507055326	0.29669916999442547	0.17003480573893856	2.3199091902125275	1.5580205990898068	4.061894186834894
0.5	0.7499999999999999	300	1.2566370614359172	0.15565604391951854	0.26544088354808393	0.15895260566246822	0.5096294546284451	0.7691054131740911	3.9675272513281907	0.05887464885449706	0.32576834901298873	0.19474764214525306	2.955861130648601	2.916192841882453	-0.13110693921566663
0.5	0.7999999999999999	300	1.2566370614359172	0.1741105650600147	0.27840252569391516	0.1835940035794511	1.6592744405632165	3.217700740853893	1.2074364365996118	0.08115169996498763	0.3769339433683515	0.2352805664000981	4.099077667934204	-1.0757187663270562	3.225839530225059
0.5	0.85	300	1.2566370614359172	0.14783252928414045	0.3105647901112544	0.16857419362400758	2.7099644276252994	-1.1213824094230878	4.1694932349616805	0.08128166178772796	0.4533663077052536	0.23396885700184067	-1.2806088460630898	0.6935139463039197	-0.28987293788839097
0.5	0.8999999999999999	300	1.2566370614359172	0.17686314633832384	0.29588902396153144	0.17469070557490576	0.6415068781302538	1.0141168452992844	4.314062358015778	0.09584698816935416	0.49300221836604585	0.2872558445656724	2.3831717851194907	2.618947260629885	-0.3280014975023242
0.5	0.95	300	1.2566370614359172	0	0	0	0	0	0	0	0	0	0	0	0
0.5	0.0	300	1.6755160819145563	0.05214482880876459	0.0069465096166216045	0.010617536604470798	2.7200616148904904	-1.3420886580478248	4.43714710731976	0.05651439218360388	0.010403266739575966	0.011263645853039572	2.226513887537691	-0.37534265556924457	-1.5698508524755852
0.5	0.049999999999999996	300	1.6755160819145563	0.05967308839948138	0.027311931361409733	0.02252016122082705	2.7309865516175096	-1.2016517999981005	4.455851063727515	0.04988068181886897	0.015056136999460255	0.0037741735008946856	2.2242133100946333	1.5464959594228194	0.12239775502015485
0.5	0.09999999999999999	300	1.6755160819145563	0.07336996719808414	0.04454626332885051	0.035084765945582304	4.491757339622523	2.171266415594517	3.372817336129213	0.0438690047980782	0.035334809321504436	0.01448426572407028	4.012945238308308	-0.9702285869211466	0.1268637234458878
0.5	0.15	300	1.6755160819145563	0.08066434029797975	0.06332018011652764	0.04762250970258437	1.4624442715440396	2.601937161643347	0.7308396707098906	0.038514708869934876	0.05459878545963917	0.027185924669826975	0.8911677843232573	-0.5545589557912948	3.8217348063089345
0.5	0.19999999999999998	300	1.6755160819145563	0.08921181636405255	0.0821080080325766	0.05923516930725189	0.3211740629179346	0.20596985887554056	3.4494198177586437	0.030803936563582223	0.0738608114927111	0.040351813229174985	-0.3561787698595411	3.396723384301625	0.3500974830598197
0.5	0.24999999999999997	300	1.6755160819145563	0.09805476322247964	0.10266262882746988	0.07117685284928757	-1.4598925909842213	2.868677201439818	4.440403713481134	0.022877631007645626	0.09602381531457371	0.052722320876375614	4.073748722143854	-0.17005542351001016	1.3539900492547365
0.5	0.3	300	1.6755160819145563	0.10173848929417756	0.122746687719836	0.0823823072186723	2.746720586469687	-1.2120597105991473	4.454578557725334	0.019951615501160903	0.11491847633804338	0.06325045968246279	1.5048655643355404	1.9873169703103437	1.3267922275372084
0.5	0.35	300	1.6755160819145563	0.1167417502791848	0.1387801549886009	0.09723538156597715	-1.217555326368681	3.3957247041138885	-1.0714490144292939	0.014184986140068707	0.13498637709852107	0.08015066890004796	3.5513318908148293	0.3683911941469275	2.153050061029383
0.5	0.39999999999999997	300	1.6755160819145563	0.11898892004016345	0.15182836300192182	0.10683876824691892	-0.16639152800241397	-0.7734149051079592	2.038421832185537	0.016611082355535347	0.15421751155432892	0.09303431820387932	4.133205139745807	2.4901062777188643	-0.9978458995057226
0.5	0.44999999999999996	300	1.6755160819145563	0.12570973478200007	0.18249446867026745	0.11424898196700246	4.12557653224174	1.4138090837839568	2.274019339185118	0.02022343745224954	0.1826025912782458	0.10306890597325574	1.7033033864758114	-1.5291958376215489	-0.6882956644893542
0.5	0.49999999999999994	300	1.6755160819145563	0.12887644452295982	0.20094855474795278	0.12228422254974396	2.377519550767311	4.299415746978302	3.29286011943647	0.029992941818163865	0.20688637824286416	0.11621780222688712	0.03658423681086716	1.3447785656985325	0.33106362079666274
0.5	0.5499999999999999	300	1.6755160819145563	0.14856630998445017	0.19296647832519345	0.12873065481246673	3.395165832674781	0.05171091760344796	0.1993000526182258	0.03274648897275789	0.20724944935583378	0.12871181442827653	0.6847971986836671	3.4569461546905544	3.5748120407559014
0.5	0.6	300	1.6755160819145563	0.15427801884259834	0.21395207822514165	0.13883401419977015	3.3437524264201817	-0.10326567098015178	-0.0012191500652225964	0.041185595341332065	0.23124494634628223	0.14071904299003513	0.5627849340591142	3.3129566967448216	3.371509058116616
0.5	0.6499999999999999	300	1.6755160819145563	0.1614763526147593	0.23364575247371244	0.15387987510871834	0.528467231024235	0.5703868891099608	4.044628143612552	0.05055298922459621	0.2562346580510673	0.16277325021402603	4.185644737275355	4.005248067964209	1.1657235438908728
0.5	0.7	300	1.6755160819145563	0.17546796632579245	0.2435244334620163	0.16583955812639775	1.1079179583354926	1.7601705701842139	-0.4314762208237859	0.059534831198345066	0.2779460404402012	0.18166257055577606	-1.5651021438835016	-1.0270428342702362	3.036486016405787
0.5	0.7499999999999999	300	1.6755160819145563	0.1784648424403396	0.25040549175166715	0.16204930390412844	3.436367077762177	0.09307876772048107	0.2720122674175376	0.06368454992616535	0.2952255428245092	0.1851794764365218	0.6992780716699738	3.661897198292337	3.79919500639643
0.5	0.7999999999999999	300	1.6755160819145563	0.18021873404956912	0.25262392880791257	0.16488518805797894	3.3551754421517197	0.06738465748183164	0.12349480360726335	0.07405923887659312	0.311951355507508	0.19934362125397068	0.8012558144940766	3.680292647717275	3.684131386245681
0.5	0.85	300	1.6755160819145563	0.19524556703574636	0.2775209574219874	0.18544550756375364	-0.3561672180751729	-1.1565111704362587	1.5132895071290222	0.08336693804867104	0.3702290134932807	0.24892697690210877	3.582297226005954	2.633248023029352	-1.0505741993342868
0.5	0.8999999999999999	300	1.6755160819145563	0	0	0	0	0	0	0	0	0	0	0	0
0.5	0.95	300	1.6755160819145563	0	0	0	0	0	0	0	0	0	0	0	0
0.5	0.0	300	2.0943951023931953	0.05280920601743312	0.0066358124166856726	0.010483739861141964	3.0250432682666846	-0.8042292468799864	-0.9624502005822191	0.056717147557113254	0.010045997357831852	0.011154394916166278	2.535986902845898	0.2387881010349143	-0.6637795419204979
0.5	0.049999999999999996	300	2.0943951023931953	0.06524154640927265	0.026240779480066378	0.022795738430606807	4.691762730612157	2.2234919734986156	3.793855162644663	0.053356891742216035	0.020604378771931584	0.009112951722577851	4.309612062975621	-1.1511003325706914	-0.3632685913975224
0.5	0.09999999999999999	300	2.0943951023931953	0.07054569568378284	0.04697081141976331	0.03399563660485073	3.8420352097067685	0.5203917375719607	1.1773275695966976	0.04459311617348624	0.039461018064881004	0.01843149381932376	3.466390689179703	3.6924029175181774	4.042442173085159
0.5	0.15	300	2.0943951023931953	0.0788587764896017	0.06711238834007115	0.046037564751922506	4.16506668602327	1.1749819172980938	2.1813761320976464	0.0400056452302149	0.06069795354426061	0.031030819437697338	3.7765254267673756	4.467614218399353	-1.0265295422541096
0.5	0.19999999999999998	300	2.0943951023931953	0.0905425537189842	0.08502578160016705	0.06029453062133085	4.519971584270955	1.9066061747140917	3.2829927402547314	0.03628956593568023	0.08148229879496179	0.04509313944233722	4.137507476638284	-0.9734187674561305	0.23913941563310587
0.5	0.24999999999999997	300	2.0943951023931953	0.09830586182623591	0.10410866150707641	0.07299142804628812	1.0429277357881266	1.3252577445801237	-0.7947558252791082	0.031242919864511196	0.10099584792324846	0.05846834126699937	0.5542281194328061	-1.4529395761961603	2.5719083702796164
0.5	0.3	300	2.0943951023931953	0.10547538559636506	0.1205967421120232	0.08351905764188242	2.039806352275054	3.3955858499240876	2.2637625404881128	0.026713843258933837	0.12157429893787192	0.07155231317040764	1.5468999715418208	0.6664636268641728	-0.5655976877572171
0.5	0.35	300	2.0943951023931953	0.11078789851257094	0.14114030752287537	0.09314993300573768	4.008240128373286	0.9254124171931335	1.8181999816567886	0.0226938325961027	0.14399419074088748	0.08429665147192555	3.392345620435116	4.6220058711363805	-0.8791024355551836
0.5	0.39999999999999997	300	2.0943951023931953	0.12088062428892463	0.16133084129177166	0.10724635470877361	4.0085729727108355	0.8717301462525354	1.8014092135279738	0.0205107284717686	0.16620299826749194	0.10031738445301422	3.135890672686349	4.644547248974002	-0.8307454931661467
0.5	0.44999999999999996	300	2.0943951023931953	0.12190628386588803	0.18380621704301114	0.11768438004796404	3.1254455694087686	-0.8210979236910783	-0.7496992034217373	0.016152519221389126	0.18986127254393312	0.11009425227374126	2.166729749891074	3.0537489070961836	3.042459757045739
0.5	0.49999999999999994	300	2.0943951023931953	0.13603803106395954	0.19141582768660576	0.1325032220544664	-0.02241012640984835	-0.7797930873839574	2.4240328109488494	0.027812794682506328	0.20824939595833597	0.13209965221435901	-1.1914739831114325	3.239609777991178	0.05767574940653753
0.5	0.5499999999999999	300	2.0943951023931953	0.15758131441489726	0.21232176222392307	0.15521845859181568	-1.2300679603183893	3.0287930718139933	-1.2421976925073328	0.026646004113584275	0.2356422918710923	0.15616477974169024	3.842718148929789	0.8809096908493798	2.8535946079809897
0.5	0.6	300	2.0943951023931953	0.14224536170220958	0.2555610145970001	0.14234768712981274	2.6468384463898804	4.527694359898332	4.011080891024736	0.039021867538351115	0.29330020684359076	0.15784099551075817	1.5704497056658795	2.4683387492833377	1.9380538363855924
0.5	0.6499999999999999	300	2.0943951023931953	0.14888191769408923	0.2660243083337964	0.15908565994897333	2.385894035706122	4.0513812941642975	3.282698553091536	0.05372905923629217	0.309257498777334	0.18041384181425557	1.236436291851327	2.0565692253399113	1.2518512478281973
0.5	0.7	300	2.0943951023931953	0.17298380124439688	0.2859145732906572	0.1805002456556266	2.177905687593651	3.7223751704521693	2.6277930485536745	0.08046329968078719	0.3542112365664537	0.20912059894499374	1.2292868484875283	1.9504933417272827	0.9198279206464441
0.5	0.7499999999999999	300	2.0943951023931953	0.17831645960699957	0.260410941227302	0.18127131068599256	0.15986097461038795	-0.4532707168828557	2.8569054903775344	0.07856448856331728	0.3417934599176513	0.21937101190331135	-0.8626794321406506	4.16702927416118	1.1937347352827827
0.5	0.7999999999999999	300	2.0943951023931953	0.20208316143359611	0.2896913760570472	0.20633993524580696	4.622335553883493	2.077146823695209	3.7326796320560804	0.08349207477641263	0.3829394856720141	0.26290217546211614	3.7944500705404858	0.6304277351777586	2.2545020231760637
0.5	0.85	300	2.0943951023931953	0	0	0	0	0	0	0	0	0	0	0	0
0.5	0.8999999999999999	300	2.0943951023931953	0	0	0	0	0	0	0	0	0	0	0	0
0.5	0.95	300	2.0943951023931953	0	0	0	0	0	0	0	0	0	0	0	0
0.5	0.0	300	2.5132741228718345	0.056131232122977076	0.006202172221591737	0.010736851257562291	4.698854114380094	2.2573411325883015	3.9644395849737126	0.0585022697080515	0.008778239499716825	0.01114305033642638	4.205230315616419	3.5868819732804447	4.294129264175021
0.5	0.049999999999999996	300	2.5132741228718345	0.06337168052067914	0.02552408581987505	0.022764211573445336	0.09133460271324184	-0.9480555137392535	2.367154776854371	0.05610992254640689	0.02580149622238081	0.014449435346167801	-0.2660601456347224	1.9598317781953476	4.507705857756023
0.5	0.09999999999999999	300	2.5132741228718345	0.06916900519544888	0.04794544119216179	0.03444371400462182	-1.4791511648890607	2.1381703584325917	3.8800369162030437	0.051939591186022656	0.04586287073356417	0.02486746074779976	4.508754316159409	-0.9460325510870541	0.35418770334517735
0.5	0.15	300	2.5132741228718345	0.07363439940993378	0.06962694731148143	0.0469863071917709	2.521025523690368	3.9798730714293202	3.3630241003500183	0.04756085520446979	0.06795152887697858	0.037108062295348715	2.1814463218851317	0.9602332759398516	0.01613227303623505
0.5	0.19999999999999998	300	2.5132741228718345	0.07628701159423436	0.09439649239394345	0.058313451629676404	2.9418278295770146	-1.4680708903479296	4.626970513754047	0.04294830239283624	0.09316072010677856	0.05039220229356368	2.655105825189026	2.0213235186080567	1.646539912464555
0.5	0.24999999999999997	300	2.5132741228718345	0.09218442563105243	0.10761740214863778	0.0753976919513561	-0.3876850186447719	4.39167180318925	0.9848198607602409	0.0437442647463893	0.11135508860580048	0.06698834951055602	-0.5030823847897872	1.852295306098389	4.534378256496794
0.5	0.3	300	2.5132741228718345	0.09880312252379213	0.12665741275116713	0.0889465320751091	0.45917765022701856	-0.21025005287061987	3.46083351103453	0.041398846065206184	0.13161559505720302	0.07953989245308278	0.27953239168910804	3.67157229480696	0.9199748591075068
0.5	0.35	300	2.5132741228718345	0.10599533088986027	0.14710189087849082	0.10113142546217162	-0.056358123352042024	-1.1974715909818219	2.0443395614831648	0.04099078437110813	0.15376912024596423	0.09681471208638155	-0.18996142891560683	2.8427921392862534	-0.34557264621833556
0.5	0.39999999999999997	300	2.5132741228718345	0.10923703663108246	0.16763227019410512	0.10843361131063572	3.999819316601327	0.5289807000239772	1.5252979910705902	0.03943671749890816	0.17584267805116427	0.10456723967855906	3.8599429939489887	-1.5675630293574214	-0.6676822518171821
0.5	0.44999999999999996	300	2.5132741228718345	0.12287822709573351	0.18424456615074958	0.13127255018146008	-0.20415084995680563	-1.49203451567079	1.6257970496682066	0.04352246219723199	0.19603810744626698	0.12885957829805383	-0.4003370585562984	2.7772572605900923	-0.5001951467813962
0.5	0.49999999999999994	300	2.5132741228718345	0.13201841891346827	0.20690013477429142	0.14442800975044645	-1.3032553745174824	2.5027552452874793	4.556392714265364	0.04608259665229989	0.22301266011737494	0.14751406646333315	-1.433297760324105	0.7343230748282651	2.728622850839829
0.5	0.5499999999999999	300	2.5132741228718345	0.13772432885100525	0.22319840820018846	0.1551961952125273	-1.2343446105236833	2.6651780112987873	-1.4648445431029722	0.04926260826900231	0.24712136683261268	0.16133332497680025	-1.4129043433912396	0.9161110762303704	2.9582681233707318
0.5	0.6	300	2.5132741228718345	0.14979146496016685	0.23375441780199951	0.15985695557204532	1.8841689943798992	2.7694021165250797	1.6987530942727431	0.068093060317197	0.2683122357590951	0.17043947807772017	1.5906774301506497	1.2580094176804102	0.1786660857921848
0.5	0.6499999999999999	300	2.5132741228718345	0.1405777365199963	0.27078873497531497	0.16584162679461784	2.8377631326178174	4.617658737485215	4.481836269964886	0.06491435243671495	0.30343638923231403	0.1787893224109156	2.5042821120328873	3.2249181165357865	3.0756840797249656
0.5	0.7	300	2.5132741228718345	0.13657382997867482	0.2930377407153756	0.17616052827094336	2.9637103539549803	4.619576565921687	4.695892788769749	0.0616094016952469	0.3331686772646639	0.18282432848270802	2.8729572860740333	3.3425141238573493	3.359891153929633
0.5	0.7499999999999999	300	2.5132741228718345	0.16317362800678648	0.28003998768049215	0.17968933205059118	3.9293729780023403	0.4994060788823152	1.5576341911429534	0.10115867232977985	0.3210834056660382	0.1975201628234158	3.6573074946020725	-0.6222988726048271	0.42385037315820684
0.5	0.7999999999999999	300	2.5132741228718345	0.16149128842512372	0.27777294403641223	0.18835096797738213	3.515490992454604	-0.36168445128178345	0.24107445069861527	0.10063309978586439	0.30906420117907724	0.19625316734438197	3.28318472070834	-1.272746625511719	-0.6754519350439532
0.5	0.85	300	2.5132741228718345	0	0	0	0	0	0	0	0	0	0	0	0
0.5	0.8999999999999999	300	2.5132741228718345	0	0	0	0	0	0	0	0	0	0	0	0
0.5	0.95	300	2.5132741228718345	0	0	0	0	0	0	0	0	0	0	0	0
0.5	0.0	300	2.9321531433504733	0.05424370224147406	0.005334067220458727	0.010094317962224292	2.045093321026065	3.667719015471055	2.4471511178600136	0.05972305997874291	0.01019449621364222	0.011416656761288052	1.5946925464812822	-1.495749745893547	2.8448493302463342
0.5	0.049999999999999996	300	2.9321531433504733	0.059579917823146616	0.026857474663629227	0.019819390374083316	4.153419417077723	0.5107131370974306	1.7335834368226335	0.056855844240407655	0.028069740588447866	0.017848951517691627	3.802423442450125	3.387967592856066	3.791153531507489
0.5	0.09999999999999999	300	2.9321531433504733	0.06222859676280549	0.04853136235983306	0.032294905184313896	3.9893932023980936	0.19473125409634875	1.1607545505452053	0.05593967972382798	0.04995867197049789	0.029587010675120696	3.7513680735541017	3.410225513069524	3.885724224521431
0.5	0.15	300	2.9321531433504733	0.06875120012604148	0.07029081508204887	0.046068901955551314	4.660833059395081	1.4990041749615763	3.138302138357377	0.05763047702079798	0.0720114746055476	0.04338050787901484	4.518594266138511	-1.2992995271056154	-0.0068884533132701695
0.5	0.19999999999999998	300	2.9321531433504733	0.07431843604737111	0.09173490157903152	0.059532307949278974	4.407349235645725	0.961087043724929	2.3581654603083937	0.05818781704898178	0.09406433397781513	0.057104821437851006	4.33058522944365	4.627789224303493	-0.5484782323044297
0.5	0.24999999999999997	300	2.9321531433504733	0.08222280856726132	0.11135232194814725	0.0734060628354898	0.9879403951473399	0.5552215687387928	-1.4998487014183923	0.05942703555381807	0.11654821293934592	0.07218869829261057	0.9902662579673769	4.427036798330556	2.1780325035476342
0.5	0.3	300	2.9321531433504733	0.07793039863012353	0.1330157728861333	0.08185757265102897	2.551917442332748	3.712861377085808	3.287317239909763	0.05524974124199517	0.14115585769244704	0.08438708490428296	2.5471621124199744	1.3949492522942375	0.7988203079402774
0.5	0.35	300	2.9321531433504733	0.0905965873031862	0.15130994192020952	0.0985316564392231	1.945233758528747	2.615061230063639	1.6330945215121795	0.05787606283547725	0.16157430358532265	0.10153681796269166	2.0462187446035314	0.526078560359647	-0.5942501560204154
0.5	0.39999999999999997	300	2.9321531433504733	0.09788486504157054	0.1751603156603163	0.11639884894886277	-0.5236319319573242	3.8940279255080354	0.4776644149201251	0.06291471418276869	0.1828909354369124	0.11855834868923809	-0.3499486802782871	1.943094501455864	4.703070962615283
0.5	0.44999999999999996	300	2.9321531433504733	0.09860908929910711	0.19213533755969345	0.12578433314429513	3.9701697635239563	0.17973127844034661	1.2266262537745862	0.0633265413487189	0.1989485483868433	0.12333829734980592	4.228334194893702	-1.5146856122151902	-0.5142154328969089
0.5	0.49999999999999994	300	2.9321531433504733	0.09045997272953188	0.23554267242561447	0.13051614723953592	3.0003436094117504	4.479495686900188	4.587065300373058	0.06132623802076904	0.24352323044657914	0.13107531314136264	3.126897733171779	2.7881673188257583	2.8068595520642647
0.5	0.5499999999999999	300	2.9321531433504733	0.12362052840427412	0.23359214046342158	0.1642854746380436	-0.5886777498064343	3.6478506085972846	0.19425741951355666	0.07792352290095887	0.24458987598207207	0.1687272421960322	-0.42010994356686837	2.16656372032468	-1.3851592175966554
0.5	0.6	300	2.9321531433504733	0.1355905354462789	0.25039515436662424	0.17902086178691443	-0.6873434154653365	3.48900556181413	-0.03531354920025839	0.08561237466105219	0.2641456547421772	0.18358987960563042	-0.4401627612399277	2.1678467363602856	-1.3753803903843624
0.5	0.6499999999999999	300	2.9321531433504733	0.11663045520785557	0.2609606263444457	0.1660881243530184	3.8777905002075834	-0.1296626767197022	0.8618282481109009	0.07159179352210532	0.2652562648462331	0.16025949594315014	3.920679614705808	-1.3443555251884909	-0.43404901716321453
0.5	0.7	300	2.9321531433504733	0.11156094549165976	0.26908323217915214	0.18146693460532964	1.5494038731809119	1.196581394111113	-0.2855672665467766	0.07009750619900879	0.27435737787813586	0.1830343316179093	1.7576150988678279	0.20836221635887	-1.236670080200931
0.5	0.7499999999999999	300	2.9321531433504733	0.14658809220676353	0.3171275328880252	0.21337571627105462	3.793634348866588	-1.0159674385726825	-0.3921925083603989	0.12094971771854876	0.3284050905161655	0.2269399678771144	4.03748563286545	4.514401507995812	-1.1497396660548211
0.5	0.7999999999999999	300	2.9321531433504733	0.15850228736966096	0.28705095040667394	0.17622839181014158	3.5547550602600513	-0.5593874729611974	0.2583224616515755	0.12831112225728805	0.3107023222610657	0.1860597876569829	3.4789427352767186	-1.3734541802825417	-0.648736949295051
0.5	0.85	300	2.9321531433504733	0.14944189185177445	0.3196112356762216	0.21805907947864847	4.656455429421094	1.3267517758372893	3.209089166408415	0.12504865375875288	0.33095007440770496	0.22199081419457278	-1.570489173264221	0.7924732512489858	2.6726844311696722
0.5	0.8999999999999999	300	2.9321531433504733	0	0	0	0	0	0	0	0	0	0	0	0
0.5	0.95	300	2.9321531433504733	0	0	0	0	0	0	0	0	0	0	0	0
0.5	0.0	300	3.3510321638291125	0.05155880696913443	0.007891324523771252	0.010860037348193269	3.2661571535130753	-0.40171329660035715	-0.33047621503197216	0.05490966575340113	0.010683258037915191	0.011268355294913698	2.748863495624318	0.5998756021893302	0.016427394158735883
0.5	0.049999999999999996	300	3.3510321638291125	0.05758412906540926	0.024593007364493116	0.01682520734760069	-0.18187206688338065	4.166946238868906	1.1883973432392567	0.062138684023442275	0.030173727151522983	0.021445076545442313	-0.5045521410170168	0.8911788974481637	3.2655572996672686
0.5	0.09999999999999999	300	3.3510321638291125	0.05806276290164068	0.04548014400948511	0.028421741804469516	1.7420145799780344	1.761864224980156	0.5213347816786668	0.0643324928733834	0.05289156642182821	0.03337590272026037	1.5423646326701563	-1.233174849051417	3.301773896292239
0.5	0.15	300	3.3510321638291125	0.05976053406451906	0.06820244327419518	0.04250625537263798	-1.463364277592336	1.533521588098806	3.3603893119996107	0.06834562707844095	0.07475952851308254	0.047410472534567635	4.688902770529461	-1.2828734535369497	0.17602850374539458
0.5	0.19999999999999998	300	3.3510321638291125	0.06017108667614402	0.09073853978990774	0.055606347098500375	2.062905649729934	2.4486269646900953	1.506805258079529	0.06652055835753333	0.09737293481141523	0.05849091146697186	2.0698548065535625	-0.17012406229265373	-1.3926527754774254
0.5	0.24999999999999997	300	3.3510321638291125	0.06115599472596833	0.11390097776685539	0.06926322698868423	3.479766376908473	-1.209550607898626	-0.7666593542953017	0.06900305844543686	0.11522936201693708	0.07015245527564361	3.561703689313484	2.6484209897983795	2.9041356060646635
0.5	0.3	300	3.3510321638291125	0.061408611033345786	0.14105157353098288	0.08145720463899703	2.769970217761066	3.8684721712473285	3.625226624729828	0.06960822043873452	0.15123662668815055	0.08791933258933796	2.84205608187511	1.5670963850659358	1.182239683292956
0.5	0.35	300	3.3510321638291125	0.06184226584262097	0.16824014739632795	0.094084066324082	2.7348572442335364	3.7417156552272273	3.458598435280566	0.07151393750238524	0.17704591663914	0.09946946116528901	2.843439835077959	1.6013247645997892	1.2208273908099216
0.5	0.39999999999999997	300	3.3510321638291125	0.07441260243629531	0.17853283467718134	0.11750108305595659	-0.9183206681005583	2.596105006686501	-1.2680431241179746	0.08388658420456191	0.18089736164217993	0.11858610928180387	-0.6783647437299485	0.6659298741498078	2.9751865190728783
0.5	0.44999999999999996	300	3.3510321638291125	0.07429213974086536	0.19831914566617645	0.12249422125627357	4.139941204420944	0.1733434883377439	1.4191573817984582	0.08408329616106663	0.2027398733348138	0.12701007500353642	4.423590653504527	4.678514008632617	-0.4535634721173628
0.5	0.49999999999999994	300	3.3510321638291125	0.08848659248207476	0.2216101392243764	0.15127587332288125	-0.1016495912427601	4.312388140290886	1.3121252923310296	0.09300318236821703	0.22389421235635032	0.15233239447041855	0.23326683231671153	2.6587202225603446	-0.45629265496607696
0.5	0.5499999999999999	300	3.3510321638291125	0.08909849475512295	0.2398737716235862	0.14914098868450498	1.422427629020457	0.8931874667601064	-0.7092692761860335	0.08909676968743134	0.2395055914130015	0.1513616164972968	1.7214159970299923	-0.5874273897224507	4.049658282162333
0.5	0.6	300	3.3510321638291125	0.09090304962194364	0.26400900559394525	0.17421137356366864	-1.0030867224006532	2.269945737623484	4.636742739741311	0.09672438435890006	0.26504612358206675	0.17452510984505915	-0.6670332723918474	0.9626838445741642	3.268163014104778
0.5	0.6499999999999999	300	3.3510321638291125	0.104318612699444	0.29325052991713535	0.18911308792135512	1.9989816636174953	2.982022241727966	2.3508626812008337	0.08217230345612583	0.29921837050059885	0.18103608037464872	2.1393382307986224	1.8956430968616107	1.3750578304963954
0.5	0.7	300	3.3510321638291125	0.10641521257772038	0.28591041807901163	0.16914694097818708	4.413546809373754	0.09950469172311087	1.477813098366004	0.12553736670417373	0.29477150701809884	0.16190140043121307	-1.418963215957491	-0.6022457110497212	0.7606544832245081
0.5	0.7499999999999999	300	3.3510321638291125	0.1290051147420146	0.3152874558274863	0.19940590422249746	4.247652881548681	-0.06921304729353323	1.1255190559624104	0.12441430478127173	0.31857036320410853	0.20524542417319602	4.4719119702747285	-0.8496157722975427	0.35623588068613393
0.5	0.7999999999999999	300	3.3510321638291125	0.07123626714562989	0.06932023168624528	0.05711975769825825	4.688063324428844	4.231198436513353	1.2413295453876414	0.05184080036493686	0.06769090641047093	0.0604424187025473	4.540209945313036	3.357448897165682	1.076380346924574
0.5	0.85	300	3.3510321638291125	0.136430199630395	0.3336268952704892	0.21131433592603677	2.375510826507231	2.6989941833780393	2.1665196908927813	0.12551309606631963	0.33810776753632493	0.21282988696661967	2.4587076191835076	2.157571767746771	1.6051982538140765
0.5	0.8999999999999999	300	3.3510321638291125	0	0	0	0	0	0	0	0	0	0	0	0
0.5	0.95	300	3.3510321638291125	0	0	0	0	0	0	0	0	0	0	0	0
0.5	0.0	300	3.7699111843077517	0.05369283689630053	0.007055093839216593	0.010924750970376191	3.844669545384404	0.6650846452320806	1.4113093006398043	0.05623512196036665	0.008635677461877836	0.01026245148436655	3.365973496875253	1.7938085565659392	1.7251051877146233
0.5	0.049999999999999996	300	3.7699111843077517	0.05393894398217971	0.02216581081584636	0.013309820346063183	-0.5373666248870178	3.110904168218127	-0.14868483341407226	0.06511001198936568	0.030162216187532422	0.023615583039265888	-0.9172690897297991	-0.2279863427475464	1.8611641352879085
0.5	0.09999999999999999	300	3.7699111843077517	0.0522845964705122	0.04277205336232752	0.024339775020145976	1.0908548049002285	0.0349026320397671	4.388567501158708	0.06998587386816191	0.05273264529113427	0.0353348936665199	0.8611858754365452	3.317765059320169	0.8802876001885056
0.5	0.15	300	3.7699111843077517	0.04849448085675704	0.06464417497035525	0.03676461083246044	-0.9428748803392913	2.205747436347705	4.51143128390679	0.07469470975604994	0.07262990065041201	0.04944391670226694	-1.1082959229683038	-0.6448059918536873	1.3214607261331945
0.5	0.19999999999999998	300	3.7699111843077517	0.04758988570101073	0.08581256335978434	0.05090490760136055	4.687130925066901	0.9273438101538217	2.584942690948269	0.0812122866773158	0.0946361963080994	0.061636598770889214	4.617094322570333	4.4968215535230485	-0.400541590715884
0.5	0.24999999999999997	300	3.7699111843077517	0.04673594937801022	0.1077516768067977	0.06501383339007535	1.3684413083144158	0.7219281082734099	-0.9391073405502195	0.0849581889347649	0.11766811718396103	0.07556993322752385	1.4221738330949136	4.509944870685851	2.630958406737459
0.5	0.3	300	3.7699111843077517	0.04374420882843977	0.13032787916542934	0.07771201706158891	-1.0508675249728936	2.061643053893471	4.2855566776552525	0.08810494290938642	0.13493135384922633	0.08955479153118642	-0.9590224499519271	-0.334484162444947	1.7200524324574862
0.5	0.35	300	3.7699111843077517	0.045682738114886254	0.15220320190562356	0.09618982262093	-0.7214510460261696	2.597394006977109	-1.167414213269888	0.0934698532971823	0.15572893569473178	0.10096732887366884	-0.5558254425473772	0.38135739325851287	2.7300928428952016
0.5	0.39999999999999997	300	3.7699111843077517	0.04285928340509103	0.1734397063923549	0.10448645485647107	1.7976742533270713	1.647535230323007	0.528317566484689	0.09363104087447208	0.1780744777167573	0.10885476160068254	2.076793653756538	-0.4767953589121564	4.552623454101504
0.5	0.44999999999999996	300	3.7699111843077517	0.05184737508571119	0.19929720952728755	0.1286774960399308	0.7692677754837072	-0.4064289457492145	3.700312194746745	0.10312378707090623	0.20178776865731998	0.131288243477662	1.0752286102596256	3.9129651442978326	1.6129654572525285
0.5	0.49999999999999994	300	3.7699111843077517	0.05205486262361396	0.220629881491887	0.1485940099986536	0.25668796133850247	4.5249810248904225	1.7354185677800897	0.11200982848064112	0.2177258630232252	0.14456667159285805	0.5084549700602842	2.6434701903340265	-0.27623695268136667
0.5	0.5499999999999999	300	3.7699111843077517	0.04849660441802918	0.25576535744746187	0.1429082058181111	2.800533827805711	3.1910642985821926	2.936795130947655	0.10491563844530782	0.2529211003497997	0.14736152078602688	2.9982635098066344	1.474233110186312	1.1323894447177931
0.5	0.6	300	3.7699111843077517	0.052940616584344596	0.26341643612482507	0.1660269067994577	-1.3690775212305635	1.068670185636691	2.9454893929937014	0.11613739683580289	0.25082103641353004	0.1619899487844941	-1.1139169709542864	-0.5042137645510886	1.2913593443526794
0.5	0.6499999999999999	300	3.7699111843077517	0.06153274240116468	0.2897241186744473	0.17715488678246055	1.3042422308570534	0.39600372771908127	-1.260409026015337	0.10995154625302159	0.27725737676883283	0.16886414842357572	1.6553186687176373	-0.959087674079275	3.6195737432440973
0.5	0.7	300	3.7699111843077517	0.07036660920958576	0.3106812509145754	0.19838336034493112	0.9706702175877766	-0.27990784232624655	4.018434893987392	0.11362604131462282	0.295001931961901	0.18704730329155306	1.3169494117211897	-1.5475155841456056	2.680596183141386
0.5	0.7499999999999999	300	3.7699111843077517	0.09196218538729391	0.33647219882880847	0.2253659150063755	0.6311565690728596	-0.8728131949634156	3.122319951893232	0.12221066630394907	0.3184253709352803	0.2085574675564869	0.9891718376549151	4.346047772791129	2.015371112457146
0.5	0.7999999999999999	300	3.7699111843077517	0.08244498325266897	0.3432414519060125	0.21825175085271062	-0.9808011342424479	1.0890844485144862	3.1008963055177166	0.12805778478464577	0.3104039600424631	0.2013494025543428	-0.8387661682229395	0.15637663253712694	2.1359988928751936
0.5	0.85	300	3.7699111843077517	0.08945113540622551	0.3453720898240484	0.24621969164913668	0.47531224222570245	-1.369503745913635	2.45783518023374	0.11267562362770181	0.35807082118624173	0.2326408079184483	0.6471318299853377	4.09609867727893	1.6146293090430415
0.5	0.8999999999999999	300	3.7699111843077517	0.11488546818745062	0.37207589343491126	0.21234530745480917	2.7805987521012225	2.635231015310783	2.3013545868916037	0	0	0	0	0	0
0.5	0.95	300	3.7699111843077517	0	0	0	0	0	0	0	0	0	0	0	0
0.5	0.0	300	4.1887902047863905	0.05611080245946641	0.0063090150010120544	0.010340349785918907	-1.429860253168161	2.569134861225541	4.468418807082473	0.05891407656141379	0.00886927170838114	0.01134478745896946	4.380829149178007	3.9471924254006443	-1.4641453578626413
0.5	0.049999999999999996	300	4.1887902047863905	0.047223151750683076	0.017988689725326357	0.008102080640142898	3.6787585292215472	-1.4530481476280708	-0.4292131716511043	0.062104755124302025	0.03068890190344511	0.022729100000143623	3.2049190648619335	1.361381993190723	1.383837735203661
0.5	0.09999999999999999	300	4.1887902047863905	0.04499763034227584	0.03837710759921175	0.018546812843256644	1.6182747828120183	0.6516061153140277	-0.8263097875385602	0.07339009993436678	0.05040714714934469	0.03571475971053473	1.301843372779359	3.8830933001580252	1.9599018669875305
0.5	0.15	300	4.1887902047863905	0.040188302504064806	0.058869640997744326	0.03165211783291271	0.6492145973478634	-1.2776224803156717	2.4871507200223317	0.08152783621783435	0.07125059519708138	0.0499327637014643	0.42712564669241126	2.0806464864240093	-0.7172625403142288
0.5	0.19999999999999998	300	4.1887902047863905	0.0337043515539268	0.08019941849911003	0.043385246896647224	2.1825400361380476	1.9270644047628915	0.9784022240630221	0.08446897929945099	0.0936840575585351	0.06150547536665856	2.0737529456998613	-0.8784516572624079	4.256626028925997
0.5	0.24999999999999997	300	4.1887902047863905	0.029513604131853673	0.10103367346835793	0.058826417888952195	-0.5817777515108221	2.477268454398473	-1.2805719288155522	0.09339024516342308	0.1090603820749334	0.07263234726491434	-0.7238598603313323	-0.2755068468129351	2.0929973193871954
0.5	0.3	300	4.1887902047863905	0.024793257042721527	0.12273292356596707	0.07292452918775384	0.3818041964330766	4.599273303070352	1.8801785448356483	0.10153610041693958	0.1298710282649619	0.08812277521510295	0.39315127987591336	1.9508635296236898	-0.9498329196694882
0.5	0.35	300	4.1887902047863905	0.018604467926572384	0.14531714000996648	0.0842926062965155	4.0950978197260675	-0.7792596840320362	0.15893169055191195	0.10412745086953991	0.15124179656590026	0.09585682860783405	4.058731350265482	2.8968347675022152	3.6743441389567426
0.5	0.39999999999999997	300	4.1887902047863905	0.016171279322960808	0.17337656966092418	0.09613498974237335	3.6631221157999674	3.9454423938550596	4.133847664189207	0.10846430537931968	0.17606478137279943	0.10754932571095842	3.307246773595233	1.4062976398127258	1.446319325608342
0.5	0.44999999999999996	300	4.1887902047863905	0.013156533883670931	0.1913097171623535	0.11546931111126366	4.625930957088419	-0.24741948741534878	1.0224483648287108	0.1225347340436975	0.18996749894066123	0.12405202380019249	4.425360364108421	3.6574792105892326	-1.4665957299254342
0.5	0.49999999999999994	300	4.1887902047863905	0.013448704911727049	0.21448489599961457	0.13310017202642976	1.0691271829569762	0.03469454299724504	4.444170085671255	0.125489669685996	0.20967491365719879	0.13604850128411913	1.382563533165623	4.063936110761791	2.0705279880054035
0.5	0.5499999999999999	300	4.1887902047863905	0.01177073783024486	0.2437433791394553	0.15105215415095583	1.008721634191089	0.3689217487301744	-1.3561110396187628	0.12652935132042145	0.233896223247386	0.14757172859703227	1.576471376803331	4.489857152670515	2.652917424501873
0.5	0.6	300	4.1887902047863905	0.011583540959346156	0.2650467282819825	0.1688793153375218	0.9039002227280766	-1.0942173008961564	2.791188973171723	0.13855511526024528	0.24452839342229693	0.16234341521008921	0.9653859570426051	3.2108938124081283	0.7546987330339066
0.5	0.6499999999999999	300	4.1887902047863905	0.017010964800568747	0.2849448220557358	0.17776244614717274	0.1459197871460732	2.269827141661461	-1.4386238091123804	0.14012530680100319	0.2559682809288099	0.1634830188765671	-0.4254183328396991	0.3476887936737938	2.7880534608718093
0.5	0.7	300	4.1887902047863905	0.02636308090240949	0.3307636993565031	0.2063324250520607	-1.3353206088561884	-1.3954397813439552	-0.5335531982314713	0.16238212311996741	0.28198940808136924	0.18555829280754715	4.163689195035932	3.143816712574406	3.938254015683772
0.5	0.7499999999999999	300	4.1887902047863905	0.025767595592455894	0.3669037204486086	0.2092699893400321	3.9122658831514245	3.436027008894971	3.494028303039828	0.14357689154138265	0.3044024863069997	0.17597204689541399	3.374315731571238	1.7965968090014945	1.7725220492744351
0.5	0.7999999999999999	300	4.1887902047863905	0.03598172467736534	0.3912601742304843	0.24232976217049507	-1.3576675274477639	-0.9714546867343484	0.14957136066731191	0.16316724118225198	0.3088503651848213	0.19655026582791998	4.426265047878725	3.873594777284376	-1.3166898969299763
0.5	0.85	300	4.1887902047863905	0.03354120086079076	0.4029131181139549	0.2483152980703801	-0.8312412540196735	0.3045758841200189	2.0138191612662584	0.14878626022855979	0.30797216964448487	0.17898318175365802	-1.213372417480713	-0.9905952206889126	0.6954079414684678
0.5	0.8999999999999999	300	4.1887902047863905	0.0726043078149566	0.432688945908037	0.26129641903769363	-0.07027692598548488	1.4687185965958616	3.8322353407105854	0.14793022451774243	0.3075898731821549	0.18735792931571985	-0.4918464198687539	0.350862160618265	2.7236437144525043
0.5	0.95	300	4.1887902047863905	0	0	0	0	0	0	0	0	0	0	0	0
0.5	0.0	300	4.607669225265029	0.05219886446255556	0.00737865752047603	0.010624466827989894	3.484653646232779	0.037863942070479994	0.34082092486975535	0.0553559672005184	0.010605791450311612	0.011375056455326828	2.9737779603804064	1.075202310091166	0.6942490753877134
0.5	0.049999999999999996	300	4.607669225265029	0.04807589668837144	0.015032099759873354	0.0038241015361350854	-1.5030860757938023	0.24270575158814225	2.3815501227235716	0.06624365337271872	0.02733533672605616	0.023220568336133958	4.263569734684954	3.1893583641585153	4.331337552979035
0.5	0.09999999999999999	300	4.607669225265029	0.04097670464825624	0.03508061348156805	0.014828047246628747	-0.591128253161618	1.9022915806343643	4.324302589298343	0.07520138428203352	0.047233793105890466	0.03577148155923101	-1.0566530520941653	-1.2421936195139534	0.8882008900858961
0.5	0.15	300	4.607669225265029	0.03355553653189923	0.055326721868011	0.027673315482274904	-0.022729481490038835	3.0515531899265533	-0.32170491982350313	0.08238050889788158	0.0650176428822583	0.048956410970384855	-0.41317702293164693	0.0009156684278070221	2.7524679890329815
0.5	0.19999999999999998	300	4.607669225265029	0.02514075797139755	0.07602536608913125	0.03873926294909965	4.304197499967311	-1.06929800791274	-0.1691591282599802	0.08768448494946719	0.08665139275221449	0.058570195743847135	3.90012966619975	2.2036925966679073	3.025923417055332
0.5	0.24999999999999997	300	4.607669225265029	0.017253944992972513	0.09614176323210676	0.05156476226675213	1.707487079011536	0.4572476596863957	-1.1671676372498223	0.09721468489286443	0.10734724498531335	0.07123953305015192	1.4213178908128115	3.72922888888406	1.9927660142047223
0.5	0.3	300	4.607669225265029	0.010075326517233021	0.11538416753225522	0.06617243911796494	0.6519983006727084	4.563055209293184	1.8669685035019532	0.1062006852379069	0.12517930904177968	0.08411084078512301	0.3969570929865766	1.5822371205515555	-1.1881176229316934
0.5	0.35	300	4.607669225265029	0.00256347420880593	0.13784312833442874	0.0756521271483725	-1.184666097576587	-0.9351657701513469	-0.009422060312806606	0.10795349595368348	0.14646996185454672	0.09209555328541011	3.959963352975814	2.3426596740307724	3.1683373590072477
0.5	0.39999999999999997	300	4.607669225265029	0.004597005887111532	0.155470934809422	0.0911794858691503	2.553462849226301	2.657883899670204	-0.9600601614853623	0.1163773853058609	0.1595965639741954	0.1038974145837086	-0.5568621558181661	-0.3005371267500782	2.3175912504340883
0.5	0.44999999999999996	300	4.607669225265029	0.011700062976240391	0.1849466244673092	0.09928599474239597	-0.3976123500257522	1.9644481910569795	1.072669036817788	0.1152687840401291	0.1913849064195325	0.11243904511998269	2.2222790315415697	-0.9783605810134308	4.330767829578166
0.5	0.49999999999999994	300	4.607669225265029	0.016947966102395736	0.19529446111294105	0.11811024315258517	3.2245473608526907	3.419349732572204	0.13730771586962662	0.1300881009994159	0.19495438978265828	0.12656725489378787	-0.14606284036817596	0.4993103967864002	3.439433282140204
0.5	0.5499999999999999	300	4.607669225265029	0.02870648721247337	0.2121732252609247	0.12244440372868687	0.3888777286143851	3.889620610149535	3.9244830625847777	0.1335545979806862	0.21006353806060726	0.12888946891998743	3.234611323435585	1.0502040326728603	1.0375657267572174
0.5	0.6	300	4.607669225265029	0.032438550349209935	0.24642140894423298	0.1404763569446439	-0.742725525470276	1.7355370138501547	0.6965057737310153	0.1382833787577196	0.23953294670251318	0.1435861483464568	2.167748331396524	-1.0862745893939783	4.1104849994845845
0.5	0.6499999999999999	300	4.607669225265029	0.03775495960213904	0.2601635994988058	0.16088205359288085	2.8454556739444508	2.7836231096457857	-0.8249709884861406	0.14902072609512465	0.24311800648880624	0.1568092185945404	-0.4489317171295975	-0.044539205191934314	2.573452995212563
0.5	0.7	300	4.607669225265029	0.036901068418651026	0.3100861181864008	0.16546114072846643	-0.6698459039110154	1.9483450293483575	1.0014071259295922	0.1366905919523158	0.2878756930581975	0.1557860850193044	2.238563212489526	-0.8042867713256613	4.461427271501183
0.5	0.7499999999999999	300	4.607669225265029	0.05617599359254632	0.34740398733100963	0.18730492087639747	0.26180845014856163	4.401511488809215	-1.3826794845864216	0.15480470056406484	0.30551050568103477	0.16317982535550432	3.582189540599976	1.6791036122596465	2.1143520426035733
0.5	0.7999999999999999	300	4.607669225265029	0.05003974675295288	0.36017286472584753	0.19989711267949067	-0.5814531878353294	2.1334852767231895	1.313158342696339	0.15543670831184636	0.3039057095895571	0.16726026329992827	2.3976439532082807	-0.5118076581122787	-1.4144609602082496
0.5	0.85	300	4.607669225265029	0.07564646032553259	0.42783462917124854	0.25372584477304144	4.543050734245797	0.7937561910883979	-0.8725857075987539	0.14113867040909706	0.33669659738656116	0.19421414801918338	1.8084524979233252	4.488293708681988	2.7516018455451814
0.5	0.8999999999999999	300	4.607669225265029	0	0	0	0	0	0	0.14570587595699788	0.3457896430461649	0.1822753423167276	1.7898430299470942	-1.4463675013697816	3.2028241467803027
0.5	0.95	300	4.607669225265029	0	0	0	0	0	0	0.1897497811881716	0.2883909209162015	0.17197603459535704	2.7723872450894067	0.17620304333538453	-0.32338099624071576
0.5	0.0	300	5.026548245743669	0.0561084611278355	0.004889848071754152	0.011117304720260006	-0.11270365644588294	-1.1000380879590923	2.147953865089097	0.05948558798205652	0.00860478195479368	0.011783541233967767	-0.5987323856556366	0.3759680907502061	2.53082055834205
0.5	0.049999999999999996	300	5.026548245743669	0.04832782188291323	0.013705303870192208	0.0027081054315728774	-1.1305708550841673	0.32248676706661217	1.329765039733379	0.06629050683114925	0.024870715912676918	0.022830913507576444	4.588742414443982	3.499479300098345	-1.1866481893520815
0.5	0.09999999999999999	300	5.026548245743669	0.039276641425703786	0.03422389846952485	0.014604520828683456	1.167557940948793	-1.4006038480172873	2.4498712268444693	0.07431945127081217	0.04415850273062676	0.03394731205235229	0.6379130065199098	1.8178507837415192	-0.5669441468108416
0.5	0.15	300	5.026548245743669	0.03171510274208023	0.05429162087171685	0.026724034294110757	-0.4263792545217539	1.5570832777019386	3.830489527863537	0.0820012505343282	0.0637825211709942	0.04715949302383603	-1.0279994942519104	4.671740069991279	0.685751448782003
0.5	0.19999999999999998	300	5.026548245743669	0.021973120093398132	0.07490740407310863	0.03892949211392239	1.7928855746317336	-0.12202455111670323	4.389616568279259	0.08865062789288829	0.08380100370918182	0.05794975494915569	1.2347145433194584	2.969102854729724	1.201298246454642
0.5	0.24999999999999997	300	5.026548245743669	0.015462508206597293	0.09528681736095633	0.052955548698518685	-0.3877170059817776	1.3506395103520892	3.5121067859330717	0.09748273028659117	0.10226307756214877	0.06915338484031687	-1.185990374914521	4.319007469642778	0.19670325328624189
0.5	0.3	300	5.026548245743669	0.005517557107594331	0.11598138046132074	0.06403973064318032	2.2122948883460243	0.3668996254043404	-1.225226948097695	0.10314132026035325	0.12229069869985056	0.07990580309681905	1.4033502092593806	3.319570729537121	1.7137103245428418
0.5	0.35	300	5.026548245743669	0.005395793186027975	0.13795195366790225	0.07670880164729973	0.12416574209290814	-0.6504064859462855	0.5101423626601567	0.10954929537278481	0.14093821545238752	0.09235863029855305	4.098643282924122	2.217435294911519	3.3788527277231775
0.5	0.39999999999999997	300	5.026548245743669	0.010907773201292256	0.15840123313256363	0.08931965747119112	1.8360340157332782	0.8722780472485556	2.7115450869496236	0.11752830955607214	0.15835507090763568	0.10202780701867158	-1.5004631654332414	3.6841718084074158	-0.7549576427756921
0.5	0.44999999999999996	300	5.026548245743669	0.019286175520178844	0.17774840827504038	0.10265814242800958	4.130648450257622	-1.5622164714835725	2.104884595507463	0.1230449505251462	0.1757499594779605	0.11009100561006865	0.3896391264565122	1.186283675268324	-1.4528729208634192
0.5	0.49999999999999994	300	5.026548245743669	0.02576229904406217	0.2078265762034626	0.11662579732772471	1.5158211510517223	-0.09403209770516908	1.2581190807207066	0.13043314369602366	0.20184215611734263	0.12224356402949296	4.233605476817517	2.5571731298117197	3.8989256367609486
0.5	0.5499999999999999	300	5.026548245743669	0.03320752622861176	0.22973812418326248	0.122499590942466	0.05987381684651404	2.6999841598577614	2.0681042003993886	0.13088198946404256	0.21837185768592896	0.12569050536171042	2.388486029546505	-1.0090189043788378	4.616210531013012
0.5	0.6	300	5.026548245743669	0.039938141537677004	0.24353082179292693	0.14141305392286777	3.8581160698147774	3.839640024154718	0.626251132796076	0.13944950438860199	0.22408714877075483	0.13809484377915768	-0.2108359961485785	0.057891291316342366	3.087760353458311
0.5	0.6499999999999999	300	5.026548245743669	0.0497395523626952	0.2694754776301424	0.15713258715326553	-1.4344830445909813	-0.42697571513980614	3.5703295407619864	0.15398667411886452	0.24113972508068843	0.1483626646006773	0.7515425563768127	1.9675341815360932	-0.3204770742070702
0.5	0.7	300	5.026548245743669	0.055480117597352774	0.2981650698119063	0.1734541000027932	3.3579850551298023	2.6650278333323856	-1.2379723021947608	0.1593939609414218	0.2577158988563147	0.15302133609907895	-0.9486910838589764	-1.3296533693786763	1.0208482680533948
0.5	0.7499999999999999	300	5.026548245743669	0.06921278848999386	0.33690811936864634	0.1980945619716887	-0.951613358694508	0.1283513980829109	4.212174022797716	0.17212255579125577	0.2706913940316599	0.1664940041263655	0.8711993633740983	2.312712066644288	0.09651107374103053
0.5	0.7999999999999999	300	5.026548245743669	0.07803803468449445	0.37348714137500616	0.21429006361481323	-1.2142972669542702	-0.4703118629226879	3.257530319170451	0.17276172880749735	0.282532855810698	0.16688233376570855	0.517169817110279	1.5478242880052455	-1.0051210907602754
0.5	0.85	300	5.026548245743669	1468.0136020938207	1797.8914339564265	866.803716192391	3.7644194842173704	0.23337843806931124	4.513532183615954	0.17349669603909704	0.28240378329857424	0.15931777436069738	3.0369656284566093	0.3876623086253846	0.4035784953652884
0.5	0.8999999999999999	300	5.026548245743669	0	0	0	0	0	0	0.18990627243004315	0.30201175366069455	0.17767450230180482	-1.0085251083352056	-1.3775082912995922	0.8775485819281489
0.5	0.95	300	5.026548245743669	0	0	0	0	0	0	0.18118215650306682	0.3064934441103388	0.16518156252628835	0.3280124018005536	1.2470834138492957	-1.4924186194472284
0.5	0.0	300	5.445427266222308	0.056899520295976495	0.006300026802248834	0.010696204765206574	4.7112843123588615	2.248225723035371	3.98930103546499	0.05887443470178035	0.008718665112734402	0.011374769632311842	4.220986769265425	3.576803786611282	4.3088940518088625
0.5	0.049999999999999996	300	5.445427266222308	0.049013480354846824	0.014856776389250469	0.007057278291205678	-1.5400906275857704	-1.2292940100523706	-0.7867728359923978	0.06324456124602865	0.022480875850252425	0.020614521021788245	4.109809694045559	2.1950041574226837	3.472749827414675
0.5	0.09999999999999999	300	5.445427266222308	0.03832172127646246	0.03680618532993693	0.016807856045429795	3.665631403112971	2.881911280966548	2.7418783247247305	0.0642766198317746	0.04616403376727759	0.031050572076524854	2.9671633062257285	-0.13494502262593464	0.040429836019459035
0.5	0.15	300	5.445427266222308	0.03446529406719381	0.05700507623316536	0.030674769931212622	-0.36703711922241833	1.1309965874560282	3.309278808888441	0.07655774857165804	0.06214819473632897	0.04485796330293487	-1.1132140520145	4.135560408279212	0.24237312091048566
0.5	0.19999999999999998	300	5.445427266222308	0.02789538496504845	0.07794087189105436	0.04350523295463368	-0.41067771256895635	0.9415502396091696	3.0615283948123335	0.08311826167403064	0.08246640090802375	0.05616737366630692	-1.263594872113684	3.794838820175393	-0.2594650001020192
0.5	0.24999999999999997	300	5.445427266222308	0.01910770320702677	0.09929277500645022	0.05514222004209274	0.597067172248649	3.089256485460891	-0.09266376874050518	0.08724787341591733	0.10061284396518393	0.06892006974719733	-0.25321891799774987	-0.4398111464776877	2.7706347857194347
0.5	0.3	300	5.445427266222308	0.008303486651061256	0.12212644171720469	0.06492586312260135	3.1027813584680564	1.8078118773348215	1.083282424015526	0.08964400033787613	0.12494075473251884	0.07647617619963214	2.172164026109459	4.469806045333536	3.829904493566793
0.5	0.35	300	5.445427266222308	0.009671475913907327	0.14469826356428175	0.07870450038940953	-0.6517396775035169	-0.6562308948618725	0.6214887930293017	0.09558726653362518	0.14319986492264777	0.08832129792591281	4.071405275972859	1.8279415012499531	3.1681425628914837
0.5	0.39999999999999997	300	5.445427266222308	0.0027735024244486335	0.1634632560353656	0.08968352555549534	4.135808481655134	-1.1271040755053616	2.9084262197875397	0.10170313105422045	0.15889598763235652	0.0954286348198263	0.5813525182459833	1.2381398460015665	-0.9819488556570689
0.5	0.44999999999999996	300	5.445427266222308	0.015596529850042526	0.19687501093274345	0.10121150321210089	0.19853013298582478	1.6247818710869557	0.5869386211228453	0.10746970945859949	0.1915317374204952	0.1082171985719014	1.807607643552644	3.908380554830287	2.8976797041780062
0.5	0.49999999999999994	300	5.445427266222308	0.01414712383050538	0.20961923137754773	0.11059523986627602	1.3500533430548494	4.569819442400368	-1.133702858079523	0.10925042252577367	0.19818000836324584	0.11171060188828538	3.2919883627621283	0.40672897004358316	0.9906443950758145
0.5	0.5499999999999999	300	5.445427266222308	0.022545780306842737	0.23398392407356394	0.13386715013777215	3.507471518477513	2.2714804639773645	-1.5520630545429068	0.1270423599481555	0.21529269228557185	0.13020171778720593	-1.1076053415675966	4.246045451109492	0.4519167260339892
0.5	0.6	300	5.445427266222308	0.024462468863137646	0.2663674601445059	0.1349328709062593	2.0993271333822667	-0.1828176437447264	1.0779136894792065	0.11643723064047558	0.2421131515250901	0.1298458876883429	3.8926556258578193	1.6439549468804637	2.8898572230027977
0.5	0.6499999999999999	300	5.445427266222308	0.04082329937354228	0.27638182725681837	0.13864587254999267	1.575367187426796	4.3144877608653776	4.474657022436615	0.12862262630312984	0.24181411750417836	0.12735637131465566	2.912876814594741	-0.22679765570505162	-0.04978998532636343
0.5	0.7	300	5.445427266222308	0.04409870761189005	0.3099221140959153	0.15544390479427167	2.281968220686508	-0.5570089447913803	0.3331963001972325	0.12901748343187322	0.2656212154614928	0.14039839180286195	3.55023299193814	0.9796860731643043	1.8706494138786303
0.5	0.7499999999999999	300	5.445427266222308	0.05868261681744544	0.3195034935657337	0.16937455789910819	-0.37270920591074164	0.09637500681362476	4.276537793275381	0.14058693952872672	0.2716678586712272	0.14805658343439748	0.6361709948368771	1.4893321205091825	-0.6272651820811083
0.5	0.7999999999999999	300	5.445427266222308	0.06199413220601946	0.36162661894174436	0.16936232634992718	2.607705569035616	-0.21003979431407435	0.7302590668138471	0.13306803019524055	0.3031409439995319	0.14762089859553154	3.5180345680769203	0.998474605799167	1.9152268846906475
0.5	0.85	300	5.445427266222308	0	0	0	0	0	0	0.17371344306237785	0.3098940630338513	0.18045579662290978	4.536871213783989	3.0126269135014168	-1.390330861481501
0.5	0.8999999999999999	300	5.445427266222308	0	0	0	0	0	0	0	0	0	0	0	0
0.5	0.95	300	5.445427266222308	0	0	0	0	0	0	0	0	0	0	0	0
0.5	0.0	300	5.864306286700947	0.05559722762844461	0.005321441229244607	0.010703403897487323	1.6745691504561158	2.740070254307012	1.2817480519090951	0.060105253629843286	0.009948684511372492	0.011364388343925084	1.231189660213984	4.065104814339867	1.744175216202103
0.5	0.049999999999999996	300	5.864306286700947	0.048843555904383135	0.017501839593912417	0.011379081878420945	4.0072876276069485	2.9924128254317854	2.9441561026721748	0.05837617070302802	0.020919540193572398	0.01763619498065423	3.359701289518929	0.34937148656470923	1.0645130059511354
0.5	0.09999999999999999	300	5.864306286700947	0.042257130522883476	0.04012999500111419	0.02205451398891112	2.9051401476081624	0.995786301836141	0.10490295007320043	0.0615343899180566	0.04127193307379189	0.028364472882585652	2.194055295243646	4.2513389761122165	3.773803072211786
0.5	0.15	300	5.864306286700947	0.04127147143397688	0.06007650649683942	0.03491477339185059	-0.558518991185156	0.2856136274613954	2.2614900850361135	0.06852398688494173	0.06161335433082487	0.042169835496207266	-1.3828175817422714	3.209967056783372	-0.8452907195068766
0.5	0.19999999999999998	300	5.864306286700947	0.03725522544583603	0.08215913443299035	0.047686272057491076	-0.633709640445339	0.05758981008733072	1.9269355577480454	0.07110098382024126	0.08247740236625752	0.053759688783008026	4.711306959292722	2.7655304329626658	-1.4543911255040265
0.5	0.24999999999999997	300	5.864306286700947	0.030957359367293224	0.10429567784445863	0.060355958423553596	0.6949183828727815	2.7989344346951093	-0.33768118363769123	0.07418106997626793	0.10212382768942425	0.06538867151294239	-0.3473140407526589	-0.9312345477044275	2.3970919911606305
0.5	0.3	300	5.864306286700947	0.022172135375846835	0.12699825297798614	0.06648908760453041	3.7369822537217154	2.321164066539019	2.058997922220967	0.07441798995543608	0.12726362883169012	0.07348548542454686	2.4826338109991046	-1.545602750991554	4.571542083925448
0.5	0.35	300	5.864306286700947	0.01690030035329914	0.15083316479077785	0.07908294674609934	3.4301486965855728	1.7790202520858072	1.2116663987092409	0.07614224728516754	0.14778788154332886	0.0826208973324844	2.110371142154816	4.057178290914196	3.586745910065417
0.5	0.39999999999999997	300	5.864306286700947	0.016176452545386133	0.16868333602498428	0.09105711539588929	2.4190237403190906	-0.35618235765500716	4.243805245610383	0.08304344458346964	0.16349988261597603	0.09225315841683403	0.9653722373470386	1.7412341970842138	0.12283954025174769
0.5	0.44999999999999996	300	5.864306286700947	0.011009442956734375	0.1917768886247505	0.09684109396073631	-1.3755435484319591	4.635117635862828	-0.8382875150970455	0.08246471030478075	0.18420454253821125	0.09943290304767262	3.3440770016293815	0.27360306508121757	1.1143947147624467
0.5	0.49999999999999994	300	5.864306286700947	0.011674971542261218	0.21648732946872185	0.12018869724995591	0.14030852392278992	1.0567025140952766	3.218722319147228	0.09291067487153841	0.20670763782138776	0.12009771108534296	4.639805047576197	2.8274178668001895	-1.2791414921129647
0.5	0.5499999999999999	300	5.864306286700947	0.003163760111281253	0.23416092415147413	0.11557631320098269	3.183585263617443	-0.9713034660606702	0.09733066178559477	0.08691275947802367	0.22265476203598086	0.11319777156273109	3.5146691805750168	0.6649883545196169	1.741612966493969
0.5	0.6	300	5.864306286700947	0.0013209420936526291	0.2585855797159647	0.1385242024263375	-1.0389597033791447	1.3138635114820065	3.492139592124376	0.09665311263954347	0.24357881447172072	0.13609372509499268	4.596404433341218	2.7828833449921926	-1.3038374058818274
0.5	0.6499999999999999	300	5.864306286700947	0.005776339546876161	0.2903415271323363	0.12778219380536185	0.15371917011570224	3.3497832511110617	3.405035530434721	0.07948673356594362	0.27315071866409163	0.12315404706187617	2.293275785735853	4.644242113154449	4.693149287134672
0.5	0.7	300	5.864306286700947	0.023560784951334755	0.3230263692469903	0.12251524525217261	1.1313236907553086	3.301972246832462	3.1240069510470025	0.08491801433192372	0.3056952375219023	0.11814032203889689	2.081923165968039	4.454368405271479	4.250314856657272
0.5	0.7499999999999999	300	5.864306286700947	0.04343624148713011	0.3360792496858493	0.13835726855009733	1.0141253286235736	2.522121310290115	1.7754983845803465	0.0972118226435593	0.3155883650833542	0.130471161286008	1.6406512402388018	3.53432963638995	2.777383906475432
0.5	0.7999999999999999	300	5.864306286700947	0.047829397489228626	0.32900663706622274	0.17403547012214257	4.173794390116594	2.092575747270244	4.403780844107356	0.11424526335909901	0.3076023582964437	0.16770513426828898	4.602527948840724	2.9161149051356805	-1.0846851609508277
0.5	0.85	300	5.864306286700947	0	0	0	0	0	0	0.11817549480580465	0.3182647829710989	0.1727099226143543	4.494183046668877	2.7603904109110546	-1.2771038855131351
0.5	0.8999999999999999	300	5.864306286700947	0	0	0	0	0	0	0	0	0	0	0	0
0.5	0.95	300	5.864306286700947	0	0	0	0	0	0	0	0	0	0	0	0
0.5	0.0	300	6.283185307179586	0.05279343123701988	0.006585473519918113	0.010510236611320974	2.929468249558814	-0.957279693898397	-1.2321284772670635	0.057017080837063104	0.010269617962299395	0.01130972013686563	2.4407618793114505	0.07016020916825005	-0.9327521179744892
0.5	0.049999999999999996	300	6.283185307179586	0.05463407330151913	0.020026851305288515	0.015941677397640918	0.8090326002175972	2.650233447892437	-0.49018787073757225	0.0597300786722843	0.015601482140696676	0.015416117621487145	0.2176247003496731	0.011107686142611893	3.966054790277724
0.5	0.09999999999999999	300	6.283185307179586	0.05264494480280384	0.04137845833192849	0.027036626725722882	-0.9707301482368498	-0.931478756749983	0.6419345092701183	0.05815862029528458	0.03854397299194887	0.02669661314267131	4.603714276736901	2.2219963781901217	4.301192461652722
0.5	0.15	300	6.283185307179586	0.05002155040224229	0.06366653984444928	0.03808505026529795	-1.4366280927171085	4.397800454429638	-0.7599760404660805	0.056851348189444297	0.060370009370957434	0.03758062242567415	3.9695905576657435	0.9816610009650083	2.4095343429062397
0.5	0.19999999999999998	300	6.283185307179586	0.04576590938871893	0.08621273243767259	0.05072254493210524	1.6137192572757089	4.3223653450702	2.1520325035178485	0.05938374647789256	0.0816092299931215	0.04972245911864046	0.6359123413189713	0.7381829129558141	-1.2003885264001062
0.5	0.24999999999999997	300	6.283185307179586	0.04143323620434375	0.10948464773545184	0.061284616469155125	2.6135512287177427	-0.057874326891539915	-1.3123550906207582	0.06153402935263514	0.10526162244310934	0.06136853546978966	1.4332864158818304	2.4512860383604127	1.3706826034376174
0.5	0.3	300	6.283185307179586	0.04486102081525192	0.12823623487731717	0.07569219506309388	-0.43819123436596624	0.029478202715624065	2.039083381057797	0.05902782345392238	0.1254962720077721	0.07335094857349815	4.588598506006578	2.3175792469984438	4.447391461204917
0.5	0.35	300	6.283185307179586	0.040113382237576906	0.1495787072976435	0.08012763343112682	2.802121343258042	0.17613357517414485	-0.9753434437160062	0.058739232491761446	0.14657108083826292	0.08096227924900345	1.333607793237973	2.2993147699868	1.2447724228645636
0.5	0.39999999999999997	300	6.283185307179586	0.03800501549343657	0.17047365923618737	0.09113972016770726	2.5873031344593955	-0.25324596774254327	4.642157609344779	0.05969767392904328	0.16691932046903857	0.09069741947073655	1.0583209657832673	1.7448372415418623	0.4405314582308885
0.5	0.44999999999999996	300	6.283185307179586	0.03147927705109216	0.19306704380128958	0.101682490606961	2.9784427287261974	0.5608499657259397	-0.5221076312581528	0.06569429021182731	0.18995199764575943	0.1027491680742406	1.3213422764421225	2.3878333160696967	1.3774241668818719
0.5	0.49999999999999994	300	6.283185307179586	0.02957490587691034	0.2119814259759627	0.11085253319300421	1.881029247386868	4.695813501176383	2.5401530317368564	0.06015498717891618	0.20744905974180317	0.10994014129991726	0.19696143610526914	0.07915948516931297	4.245743653229416
0.5	0.5499999999999999	300	6.283185307179586	0.02353772246517358	0.23576224984532265	0.11764746422112245	3.3299273143670813	1.31064122597087	0.5882609398796971	0.06136551495180113	0.22770046088836274	0.11385472037225187	1.4543992491452802	2.8039414716481375	2.0791207257720914
0.5	0.6	300	6.283185307179586	0.013826946729712216	0.26479226849907483	0.1203726080511451	3.9322273015386195	2.3723604060405483	2.074452680256213	0.0615173248329886	0.26276981789370996	0.12225986939070853	1.8737092102820851	3.7350754846995207	3.437742874897515
0.5	0.6499999999999999	300	6.283185307179586	0.01944138278939854	0.2720761809933063	0.14919375173292362	0.7183167624302065	2.944400405197628	-0.20716101388007677	0.06988351896352837	0.2673735583632804	0.14587893495192536	-0.9600732640910117	4.126139824133272	0.9829376186118761
0.5	0.7	300	6.283185307179586	0.018784074649265264	0.28374324124606937	0.13588655799931218	-0.6543941763724832	-0.2359550435371311	1.3702003700412804	0.0527308914326664	0.2807997496013491	0.13508928318366561	3.684662364512813	0.8035792919285194	2.416470212437542
0.5	0.7499999999999999	300	6.283185307179586	0.01997139701065112	0.3005490214812559	0.1455832820967031	-0.08537203666204454	0.6314168694033068	2.6545414171251984	0.04501386586254376	0.2982893175366689	0.14556208852732883	4.088055899790058	1.4998108157775052	3.528302968418918
0.5	0.7999999999999999	300	6.283185307179586	0.011841626092861567	0.3190295756526109	0.16973115415242795	-0.8526799979353434	2.79563361327451	-0.5658633676126471	0.06984885909985744	0.3146050561688911	0.1695705793625465	-1.2927773898366834	3.51240578468375	0.143748693059241
0.5	0.85	300	6.283185307179586	0.024845016844382853	0.32889255441550924	0.16815712302786187	-0.9012710836758862	3.527145353392573	0.40336246059834496	0.07092564122498494	0.3276117851216512	0.16653816017475168	-1.0012196527121362	4.044904174910144	0.9116747292939441
0.5	0.8999999999999999	300	6.283185307179586	0	0	0	0	0	0	0	0	0	0	0	0
0.5	0.95	300	6.283185307179586	0	0	0	0	0	0	0	0	0	0	0	0
